,r_title,r_media_title,r_post_date,r_upvote_ratio,r_score,r_media_data
0,Bob Vylan - GDP [Grime Punk] (2021),Bob Vylan - GDP (Official Visual),2023-01-01,0.78,117,"{'type': 'youtube.com', 'oembed': {'provider_url': 'https://www.youtube.com/', 'version': '1.0', 'title': 'Bob Vylan - GDP (Official Visual)', 'type': 'video', 'thumbnail_width': 480, 'height': 200, 'width': 356, 'html': '<iframe width=""356"" height=""200"" src=""https://www.youtube.com/embed/st6qnWeePDY?feature=oembed&enablejsapi=1"" frameborder=""0"" allow=""accelerometer; autoplay; clipboard-write; encrypted-media; gyroscope; picture-in-picture"" allowfullscreen title=""Bob Vylan - GDP (Official Visual)""></iframe>', 'author_name': 'Bob Vylan', 'provider_name': 'YouTube', 'thumbnail_url': 'https://i.ytimg.com/vi/st6qnWeePDY/hqdefault.jpg', 'thumbnail_height': 360, 'author_url': 'https://www.youtube.com/@BobVylan'}}"
1,The Movielife - Once In A Row [Punk / Emo] (2000),Once In A Row,2023-01-01,0.88,88,"{'type': 'youtube.com', 'oembed': {'provider_url': 'https://www.youtube.com/', 'version': '1.0', 'title': 'Once In A Row', 'type': 'video', 'thumbnail_width': 480, 'height': 200, 'width': 267, 'html': '<iframe width=""267"" height=""200"" src=""https://www.youtube.com/embed/lo60drv7a7M?feature=oembed&enablejsapi=1"" frameborder=""0"" allow=""accelerometer; autoplay; clipboard-write; encrypted-media; gyroscope; picture-in-picture"" allowfullscreen title=""Once In A Row""></iframe>', 'author_name': 'The Movielife - Topic', 'provider_name': 'YouTube', 'thumbnail_url': 'https://i.ytimg.com/vi/lo60drv7a7M/hqdefault.jpg', 'thumbnail_height': 360, 'author_url': 'https://www.youtube.com/channel/UCbvwtC2Z92gr-qdI4wq8Xdw'}}"
2,BZAAT - BZAAT [instrumental psychogagi metal] (2022),BZAAT - BZAAT (OFFICIAL AUDIO),2023-01-01,0.86,307,"{'type': 'youtube.com', 'oembed': {'provider_url': 'https://www.youtube.com/', 'version': '1.0', 'title': 'BZAAT - BZAAT (OFFICIAL AUDIO)', 'type': 'video', 'thumbnail_width': 480, 'height': 200, 'width': 356, 'html': '<iframe width=""356"" height=""200"" src=""https://www.youtube.com/embed/zYs2-G4Ojjw?feature=oembed&enablejsapi=1"" frameborder=""0"" allow=""accelerometer; autoplay; clipboard-write; encrypted-media; gyroscope; picture-in-picture"" allowfullscreen title=""BZAAT - BZAAT (OFFICIAL AUDIO)""></iframe>', 'author_name': 'Bzaat Gagi', 'provider_name': 'YouTube', 'thumbnail_url': 'https://i.ytimg.com/vi/zYs2-G4Ojjw/hqdefault.jpg', 'thumbnail_height': 360, 'author_url': 'https://www.youtube.com/@bzaatgagi2440'}}"
3,Deadboy And The Elephantmen -- Dressed In Smoke [Bayou Sludge singer songwriter] (2006),Deadboy And The Elephantmen Dressed In Smoke,2023-01-01,0.74,16,"{'type': 'youtube.com', 'oembed': {'provider_url': 'https://www.youtube.com/', 'version': '1.0', 'title': 'Deadboy And The Elephantmen Dressed In Smoke', 'type': 'video', 'thumbnail_width': 480, 'height': 200, 'width': 267, 'html': '<iframe width=""267"" height=""200"" src=""https://www.youtube.com/embed/mUleanJOxcE?feature=oembed&enablejsapi=1"" frameborder=""0"" allow=""accelerometer; autoplay; clipboard-write; encrypted-media; gyroscope; picture-in-picture"" allowfullscreen title=""Deadboy And The Elephantmen Dressed In Smoke""></iframe>', 'author_name': 'Lostrelic', 'provider_name': 'YouTube', 'thumbnail_url': 'https://i.ytimg.com/vi/mUleanJOxcE/hqdefault.jpg', 'thumbnail_height': 360, 'author_url': 'https://www.youtube.com/@Lostrelic'}}"
4,FLEXA -- NIGHTMARE! [hip hop] (2022),FLEXA - NIGHTMARE! (Official Audio),2023-01-02,0.5,0,"{'type': 'youtube.com', 'oembed': {'provider_url': 'https://www.youtube.com/', 'version': '1.0', 'title': 'FLEXA - NIGHTMARE! (Official Audio)', 'type': 'video', 'thumbnail_width': 480, 'height': 200, 'width': 356, 'html': '<iframe width=""356"" height=""200"" src=""https://www.youtube.com/embed/MBlJffcecyQ?feature=oembed&enablejsapi=1"" frameborder=""0"" allow=""accelerometer; autoplay; clipboard-write; encrypted-media; gyroscope; picture-in-picture"" allowfullscreen title=""FLEXA - NIGHTMARE! (Official Audio)""></iframe>', 'author_name': 'FLEXAVEVO', 'provider_name': 'YouTube', 'thumbnail_url': 'https://i.ytimg.com/vi/MBlJffcecyQ/hqdefault.jpg', 'thumbnail_height': 360, 'author_url': 'https://www.youtube.com/@flexavevo7379'}}"
5,Instarlaxy Verdansk -- Savanna Shots [Amapiano] (2022),Savanna Shots - Instarlaxy Verdansk (Official Audio) | Amapiano Shaya 2 Much Vol 1,2023-01-02,0.5,0,"{'type': 'youtube.com', 'oembed': {'provider_url': 'https://www.youtube.com/', 'version': '1.0', 'title': 'Savanna Shots - Instarlaxy Verdansk (Official Audio) | Amapiano Shaya 2 Much Vol 1', 'type': 'video', 'thumbnail_width': 480, 'height': 200, 'width': 356, 'html': '<iframe width=""356"" height=""200"" src=""https://www.youtube.com/embed/i0_gsl4Ra7w?feature=oembed&enablejsapi=1"" frameborder=""0"" allow=""accelerometer; autoplay; clipboard-write; encrypted-media; gyroscope; picture-in-picture"" allowfullscreen title=""Savanna Shots - Instarlaxy Verdansk (Official Audio) | Amapiano Shaya 2 Much Vol 1""></iframe>', 'author_name': 'Squad 02', 'provider_name': 'YouTube', 'thumbnail_url': 'https://i.ytimg.com/vi/i0_gsl4Ra7w/hqdefault.jpg', 'thumbnail_height': 360, 'author_url': 'https://www.youtube.com/@zsquad02'}}"
6,Patent Ochsner -- Vater [Swiss German/Bärndütsch Rock] (1992),Vater,2023-01-02,0.67,1,"{'type': 'youtube.com', 'oembed': {'provider_url': 'https://www.youtube.com/', 'version': '1.0', 'title': 'Vater', 'type': 'video', 'thumbnail_width': 480, 'height': 200, 'width': 267, 'html': '<iframe width=""267"" height=""200"" src=""https://www.youtube.com/embed/AyT973AZElM?feature=oembed&enablejsapi=1"" frameborder=""0"" allow=""accelerometer; autoplay; clipboard-write; encrypted-media; gyroscope; picture-in-picture"" allowfullscreen title=""Vater""></iframe>', 'author_name': 'Patent Ochsner - Topic', 'provider_name': 'YouTube', 'thumbnail_url': 'https://i.ytimg.com/vi/AyT973AZElM/hqdefault.jpg', 'thumbnail_height': 360, 'author_url': 'https://www.youtube.com/channel/UCgWqLV5AmoYZlDuyhn8kfxQ'}}"
7,Audrey Poteet - Of You [Indie Pop] (2023),Of You,2023-01-02,0.5,0,"{'type': 'open.spotify.com', 'oembed': {'provider_url': 'https://spotify.com', 'description': 'Listen to Of You on Spotify. Audrey Poteet · Song · 2022.', 'title': 'Of You', 'type': 'rich', 'thumbnail_width': 300, 'height': 152, 'width': 456, 'html': '<iframe class=""embedly-embed"" src=""https://cdn.embedly.com/widgets/media.html?src=https%3A%2F%2Fopen.spotify.com%2Fembed%2Ftrack%2F0I4hllbTeIB6BksnjRQoNQ%3Futm_source%3Doembed&display_name=Spotify&url=https%3A%2F%2Fopen.spotify.com%2Ftrack%2F0I4hllbTeIB6BksnjRQoNQ&image=https%3A%2F%2Fi.scdn.co%2Fimage%2Fab67616d00001e025659ec150874cf6f6bcd5319&key=2aa3c4d5f3de4f5b9120b660ad850dc9&type=text%2Fhtml&schema=spotify"" width=""456"" height=""152"" scrolling=""no"" title=""Spotify embed"" frameborder=""0"" allow=""autoplay; fullscreen"" allowfullscreen=""true""></iframe>', 'version': '1.0', 'provider_name': 'Spotify', 'thumbnail_url': 'https://i.scdn.co/image/ab67616d00001e025659ec150874cf6f6bcd5319', 'thumbnail_height': 300}}"
8,Gangsta Boo feat. Bun B - Sippin & Spinnin [Doc Jam Remix] (2005),"Gangsta Boo feat. Playa Fly, Bun B and P.B. Memphis  - Sippin & Spinnin (Doc Jam Remix)(NO DJ)",2023-01-02,0.56,1,"{'type': 'youtube.com', 'oembed': {'provider_url': 'https://www.youtube.com/', 'version': '1.0', 'title': 'Gangsta Boo feat. Playa Fly, Bun B and P.B. Memphis  - Sippin & Spinnin (Doc Jam Remix)(NO DJ)', 'type': 'video', 'thumbnail_width': 480, 'height': 200, 'width': 356, 'html': '<iframe width=""356"" height=""200"" src=""https://www.youtube.com/embed/zFdLY2wpS9s?feature=oembed&enablejsapi=1"" frameborder=""0"" allow=""accelerometer; autoplay; clipboard-write; encrypted-media; gyroscope; picture-in-picture"" allowfullscreen title=""Gangsta Boo feat. Playa Fly, Bun B and P.B. Memphis  - Sippin &amp; Spinnin (Doc Jam Remix)(NO DJ)""></iframe>', 'author_name': '662chillin', 'provider_name': 'YouTube', 'thumbnail_url': 'https://i.ytimg.com/vi/zFdLY2wpS9s/hqdefault.jpg', 'thumbnail_height': 360, 'author_url': 'https://www.youtube.com/@662chillin'}}"
9,For Tracy Hyde -- Friends [Indie Pop] (2022),For Tracy Hyde - Friends (Official MV),2023-01-01,0.82,60,"{'type': 'youtube.com', 'oembed': {'provider_url': 'https://www.youtube.com/', 'version': '1.0', 'title': 'For Tracy Hyde - Friends (Official MV)', 'type': 'video', 'thumbnail_width': 480, 'height': 200, 'width': 356, 'html': '<iframe width=""356"" height=""200"" src=""https://www.youtube.com/embed/ZVyzJE3Rdwg?feature=oembed&enablejsapi=1"" frameborder=""0"" allow=""accelerometer; autoplay; clipboard-write; encrypted-media; gyroscope; picture-in-picture"" allowfullscreen title=""For Tracy Hyde - Friends (Official MV)""></iframe>', 'author_name': 'P-VINE CHANNEL', 'provider_name': 'YouTube', 'thumbnail_url': 'https://i.ytimg.com/vi/ZVyzJE3Rdwg/hqdefault.jpg', 'thumbnail_height': 360, 'author_url': 'https://www.youtube.com/@p-vinechannel'}}"
10,Lord Woodz - Open Doors [Rap] (2020),TheWoodz -  Open Doors (Produced By PKBEATZ),2023-01-02,0.4,0,"{'type': 'youtube.com', 'oembed': {'provider_url': 'https://www.youtube.com/', 'version': '1.0', 'title': 'TheWoodz -  Open Doors (Produced By PKBEATZ)', 'type': 'video', 'thumbnail_width': 480, 'height': 200, 'width': 356, 'html': '<iframe width=""356"" height=""200"" src=""https://www.youtube.com/embed/c67fxHAe5lg?feature=oembed&enablejsapi=1"" frameborder=""0"" allow=""accelerometer; autoplay; clipboard-write; encrypted-media; gyroscope; picture-in-picture"" allowfullscreen title=""TheWoodz -  Open Doors (Produced By PKBEATZ)""></iframe>', 'author_name': 'Lord Woodz', 'provider_name': 'YouTube', 'thumbnail_url': 'https://i.ytimg.com/vi/c67fxHAe5lg/hqdefault.jpg', 'thumbnail_height': 360, 'author_url': 'https://www.youtube.com/@theartrapper'}}"
11,Doseagles — Conversation [Pop Rock] (2022),Conversation,2023-01-02,0.67,2,"{'type': 'open.spotify.com', 'oembed': {'provider_url': 'https://spotify.com', 'description': 'Listen to Conversation on Spotify. Doseagles · Single · 2022 · 2 songs.', 'title': 'Conversation', 'type': 'rich', 'thumbnail_width': 300, 'height': 352, 'width': 456, 'html': '<iframe class=""embedly-embed"" src=""https://cdn.embedly.com/widgets/media.html?src=https%3A%2F%2Fopen.spotify.com%2Fembed%2Falbum%2F4NJR4C798LF0sPflAJICiv%3Futm_source%3Doembed&display_name=Spotify&url=https%3A%2F%2Fopen.spotify.com%2Falbum%2F4NJR4C798LF0sPflAJICiv&image=https%3A%2F%2Fi.scdn.co%2Fimage%2Fab67616d00001e02ea0a603fc12e12ff4258ed43&key=2aa3c4d5f3de4f5b9120b660ad850dc9&type=text%2Fhtml&schema=spotify"" width=""456"" height=""352"" scrolling=""no"" title=""Spotify embed"" frameborder=""0"" allow=""autoplay; fullscreen"" allowfullscreen=""true""></iframe>', 'version': '1.0', 'provider_name': 'Spotify', 'thumbnail_url': 'https://i.scdn.co/image/ab67616d00001e02ea0a603fc12e12ff4258ed43', 'thumbnail_height': 300}}"
12,Yotam Ben Horin -- In Between the Highs and Lows [Folk/Indie Rock] (2022),"Yotam Ben Horin -- ""In Between the Highs and Lows"" (Official Music Video)",2023-01-02,0.5,0,"{'type': 'youtube.com', 'oembed': {'provider_url': 'https://www.youtube.com/', 'version': '1.0', 'title': 'Yotam Ben Horin -- ""In Between the Highs and Lows"" (Official Music Video)', 'type': 'video', 'thumbnail_width': 480, 'height': 200, 'width': 356, 'html': '<iframe width=""356"" height=""200"" src=""https://www.youtube.com/embed/RyOn3hKudVY?feature=oembed&enablejsapi=1"" frameborder=""0"" allow=""accelerometer; autoplay; clipboard-write; encrypted-media; gyroscope; picture-in-picture"" allowfullscreen title=""Yotam Ben Horin -- &quot;In Between the Highs and Lows&quot; (Official Music Video)""></iframe>', 'author_name': 'Double Helix Records Official', 'provider_name': 'YouTube', 'thumbnail_url': 'https://i.ytimg.com/vi/RyOn3hKudVY/hqdefault.jpg', 'thumbnail_height': 360, 'author_url': 'https://www.youtube.com/@doublehelixrecordsofficial4'}}"
13,Contour -- Hearing Voices [Sou/RnB] (2022),Contour - Repossess (feat. Semiratruth) - Official Video,2023-01-02,0.5,0,"{'type': 'youtube.com', 'oembed': {'provider_url': 'https://www.youtube.com/', 'version': '1.0', 'title': 'Contour - Repossess (feat. Semiratruth) - Official Video', 'type': 'video', 'thumbnail_width': 480, 'height': 200, 'width': 267, 'html': '<iframe width=""267"" height=""200"" src=""https://www.youtube.com/embed/buJ6uAZyG2s?feature=oembed&enablejsapi=1"" frameborder=""0"" allow=""accelerometer; autoplay; clipboard-write; encrypted-media; gyroscope; picture-in-picture"" allowfullscreen title=""Contour - Repossess (feat. Semiratruth) - Official Video""></iframe>', 'author_name': 'Contour (Music)', 'provider_name': 'YouTube', 'thumbnail_url': 'https://i.ytimg.com/vi/buJ6uAZyG2s/hqdefault.jpg', 'thumbnail_height': 360, 'author_url': 'https://www.youtube.com/@KhariLucas'}}"
14,Hitman -- Low [electronic/dance/hip hop] (2022),Low,2023-01-02,0.6,1,"{'type': 'youtube.com', 'oembed': {'provider_url': 'https://www.youtube.com/', 'version': '1.0', 'title': 'Low', 'type': 'video', 'thumbnail_width': 480, 'height': 200, 'width': 356, 'html': '<iframe width=""356"" height=""200"" src=""https://www.youtube.com/embed/TfZiYnD9sYA?feature=oembed&enablejsapi=1"" frameborder=""0"" allow=""accelerometer; autoplay; clipboard-write; encrypted-media; gyroscope; picture-in-picture"" allowfullscreen title=""Low""></iframe>', 'author_name': 'Hitman', 'provider_name': 'YouTube', 'thumbnail_url': 'https://i.ytimg.com/vi/TfZiYnD9sYA/hqdefault.jpg', 'thumbnail_height': 360, 'author_url': 'https://www.youtube.com/@Hitmanmusic604'}}"
15,Hitman -- Low [electronic] (2022),Low,2023-01-02,0.67,1,"{'type': 'youtube.com', 'oembed': {'provider_url': 'https://www.youtube.com/', 'version': '1.0', 'title': 'Low', 'type': 'video', 'thumbnail_width': 480, 'height': 200, 'width': 356, 'html': '<iframe width=""356"" height=""200"" src=""https://www.youtube.com/embed/TfZiYnD9sYA?feature=oembed&enablejsapi=1"" frameborder=""0"" allow=""accelerometer; autoplay; clipboard-write; encrypted-media; gyroscope; picture-in-picture"" allowfullscreen title=""Low""></iframe>', 'author_name': 'Hitman', 'provider_name': 'YouTube', 'thumbnail_url': 'https://i.ytimg.com/vi/TfZiYnD9sYA/hqdefault.jpg', 'thumbnail_height': 360, 'author_url': 'https://www.youtube.com/@Hitmanmusic604'}}"
16,TheWoodz - Out Of Style [Pop/Rap] (2020),TheWoodz -  Out Of Style,2023-01-02,0.5,0,"{'type': 'youtube.com', 'oembed': {'provider_url': 'https://www.youtube.com/', 'version': '1.0', 'title': 'TheWoodz -  Out Of Style', 'type': 'video', 'thumbnail_width': 480, 'height': 200, 'width': 356, 'html': '<iframe width=""356"" height=""200"" src=""https://www.youtube.com/embed/R_XfQ0Tj8z8?feature=oembed&enablejsapi=1"" frameborder=""0"" allow=""accelerometer; autoplay; clipboard-write; encrypted-media; gyroscope; picture-in-picture"" allowfullscreen title=""TheWoodz -  Out Of Style""></iframe>', 'author_name': 'Lord Woodz', 'provider_name': 'YouTube', 'thumbnail_url': 'https://i.ytimg.com/vi/R_XfQ0Tj8z8/hqdefault.jpg', 'thumbnail_height': 360, 'author_url': 'https://www.youtube.com/@theartrapper'}}"
17,Marmi — Izvunredno [Bulgarian Rap] (2020),МАРМИ - ИЗВЪНРЕДНО (VIDEO),2023-01-02,0.33,0,"{'type': 'youtube.com', 'oembed': {'provider_url': 'https://www.youtube.com/', 'version': '1.0', 'title': 'МАРМИ - ИЗВЪНРЕДНО (VIDEO)', 'type': 'video', 'thumbnail_width': 480, 'height': 200, 'width': 356, 'html': '<iframe width=""356"" height=""200"" src=""https://www.youtube.com/embed/HXfieu5e1wg?feature=oembed&enablejsapi=1"" frameborder=""0"" allow=""accelerometer; autoplay; clipboard-write; encrypted-media; gyroscope; picture-in-picture"" allowfullscreen title=""МАРМИ - ИЗВЪНРЕДНО (VIDEO)""></iframe>', 'author_name': 'МАРМИ', 'provider_name': 'YouTube', 'thumbnail_url': 'https://i.ytimg.com/vi/HXfieu5e1wg/hqdefault.jpg', 'thumbnail_height': 360, 'author_url': 'https://www.youtube.com/@user-uj6un4wi2n'}}"
18,Darron Sturgill - - Speak Up [Acoustic/Folk] (2022),Speak Up,2023-01-01,0.71,7,"{'type': 'youtube.com', 'oembed': {'provider_url': 'https://www.youtube.com/', 'version': '1.0', 'title': 'Speak Up', 'type': 'video', 'thumbnail_width': 480, 'height': 200, 'width': 267, 'html': '<iframe width=""267"" height=""200"" src=""https://www.youtube.com/embed/s2PVkxeUFqc?feature=oembed&enablejsapi=1"" frameborder=""0"" allow=""accelerometer; autoplay; clipboard-write; encrypted-media; gyroscope; picture-in-picture"" allowfullscreen title=""Speak Up""></iframe>', 'author_name': 'Darron Sturgill - Topic', 'provider_name': 'YouTube', 'thumbnail_url': 'https://i.ytimg.com/vi/s2PVkxeUFqc/hqdefault.jpg', 'thumbnail_height': 360, 'author_url': 'https://www.youtube.com/channel/UC0lLgTE0t3gkZrZRvpQCUpw'}}"
19,Gabriels - Taboo [Soul] (2022),Gabriels - Taboo (Official Audio),2023-01-02,0.57,1,"{'type': 'youtube.com', 'oembed': {'provider_url': 'https://www.youtube.com/', 'version': '1.0', 'title': 'Gabriels - Taboo (Official Audio)', 'type': 'video', 'thumbnail_width': 480, 'height': 200, 'width': 356, 'html': '<iframe width=""356"" height=""200"" src=""https://www.youtube.com/embed/-Yst1orETHs?feature=oembed&enablejsapi=1"" frameborder=""0"" allow=""accelerometer; autoplay; clipboard-write; encrypted-media; gyroscope; picture-in-picture"" allowfullscreen title=""Gabriels - Taboo (Official Audio)""></iframe>', 'author_name': 'Gabriels', 'provider_name': 'YouTube', 'thumbnail_url': 'https://i.ytimg.com/vi/-Yst1orETHs/hqdefault.jpg', 'thumbnail_height': 360, 'author_url': 'https://www.youtube.com/@gabrielsworldwide'}}"
20,Still Runners -- Evil Things [Alternative/Indie Rock] (2022),Still Runners - Evil Things,2023-01-02,0.43,0,"{'type': 'youtube.com', 'oembed': {'provider_url': 'https://www.youtube.com/', 'version': '1.0', 'title': 'Still Runners - Evil Things', 'type': 'video', 'thumbnail_width': 480, 'height': 200, 'width': 356, 'html': '<iframe width=""356"" height=""200"" src=""https://www.youtube.com/embed/ZjCznsuZzbE?feature=oembed&enablejsapi=1"" frameborder=""0"" allow=""accelerometer; autoplay; clipboard-write; encrypted-media; gyroscope; picture-in-picture"" allowfullscreen title=""Still Runners - Evil Things""></iframe>', 'author_name': 'Still Runners', 'provider_name': 'YouTube', 'thumbnail_url': 'https://i.ytimg.com/vi/ZjCznsuZzbE/hqdefault.jpg', 'thumbnail_height': 360, 'author_url': 'https://www.youtube.com/@stillrunners469'}}"
21,Autumn - Night In June [Synth-pop/Minimal Synth] (1982),Night In June,2023-01-01,0.67,2,"{'type': 'youtube.com', 'oembed': {'provider_url': 'https://www.youtube.com/', 'version': '1.0', 'title': 'Night In June', 'type': 'video', 'thumbnail_width': 480, 'height': 200, 'width': 267, 'html': '<iframe width=""267"" height=""200"" src=""https://www.youtube.com/embed/nemTOWm27cQ?feature=oembed&enablejsapi=1"" frameborder=""0"" allow=""accelerometer; autoplay; clipboard-write; encrypted-media; gyroscope; picture-in-picture"" allowfullscreen title=""Night In June""></iframe>', 'author_name': 'Autumn - Topic', 'provider_name': 'YouTube', 'thumbnail_url': 'https://i.ytimg.com/vi/nemTOWm27cQ/hqdefault.jpg', 'thumbnail_height': 360, 'author_url': 'https://www.youtube.com/channel/UCx8e-rGG0HDFJ13nG0cB-AQ'}}"
22,Schwarzende - Abuse (Schwarzende vs. Mental Miracle Mix) [Hardtrance] (2001),Schwarzende - Abuse (Schwarzende vs. Mental Miracle Mix) (HNH0003-12 - Vinyl - 2002),2023-01-01,0.5,0,"{'type': 'youtube.com', 'oembed': {'provider_url': 'https://www.youtube.com/', 'version': '1.0', 'title': 'Schwarzende - Abuse (Schwarzende vs. Mental Miracle Mix) (HNH0003-12 - Vinyl - 2002)', 'type': 'video', 'thumbnail_width': 480, 'height': 200, 'width': 356, 'html': '<iframe width=""356"" height=""200"" src=""https://www.youtube.com/embed/udL_gB-jQzk?feature=oembed&enablejsapi=1"" frameborder=""0"" allow=""accelerometer; autoplay; clipboard-write; encrypted-media; gyroscope; picture-in-picture"" allowfullscreen title=""Schwarzende - Abuse (Schwarzende vs. Mental Miracle Mix) (HNH0003-12 - Vinyl - 2002)""></iframe>', 'author_name': 'Dj UltraXX', 'provider_name': 'YouTube', 'thumbnail_url': 'https://i.ytimg.com/vi/udL_gB-jQzk/hqdefault.jpg', 'thumbnail_height': 360, 'author_url': 'https://www.youtube.com/@TheDjBenE'}}"
23,Forever Pavot -- Les Cigognes Nénuphars [Neo-Psychedelia] (2014),Les cigognes nénuphars,2023-01-02,0.6,1,"{'type': 'youtube.com', 'oembed': {'provider_url': 'https://www.youtube.com/', 'version': '1.0', 'title': 'Les cigognes nénuphars', 'type': 'video', 'thumbnail_width': 480, 'height': 200, 'width': 267, 'html': '<iframe width=""267"" height=""200"" src=""https://www.youtube.com/embed/oWDSnOyaXmw?feature=oembed&enablejsapi=1"" frameborder=""0"" allow=""accelerometer; autoplay; clipboard-write; encrypted-media; gyroscope; picture-in-picture"" allowfullscreen title=""Les cigognes nénuphars""></iframe>', 'author_name': 'Forever Pavot - Topic', 'provider_name': 'YouTube', 'thumbnail_url': 'https://i.ytimg.com/vi/oWDSnOyaXmw/hqdefault.jpg', 'thumbnail_height': 360, 'author_url': 'https://www.youtube.com/channel/UCe4y5nNN3Whz8Ix7Oc9D7Sg'}}"
24,Does Love Last Forever? - Brighter [Indie Pop/Twee Pop] (1992),Does Love Last Forever?,2023-01-01,0.67,2,"{'type': 'youtube.com', 'oembed': {'provider_url': 'https://www.youtube.com/', 'version': '1.0', 'title': 'Does Love Last Forever?', 'type': 'video', 'thumbnail_width': 480, 'height': 200, 'width': 267, 'html': '<iframe width=""267"" height=""200"" src=""https://www.youtube.com/embed/xzzADw3eYM4?feature=oembed&enablejsapi=1"" frameborder=""0"" allow=""accelerometer; autoplay; clipboard-write; encrypted-media; gyroscope; picture-in-picture"" allowfullscreen title=""Does Love Last Forever?""></iframe>', 'author_name': 'Brighter - Topic', 'provider_name': 'YouTube', 'thumbnail_url': 'https://i.ytimg.com/vi/xzzADw3eYM4/hqdefault.jpg', 'thumbnail_height': 360, 'author_url': 'https://www.youtube.com/channel/UCbsZsGW6U1Q3tdwQQTyB9JQ'}}"
25,李沙克 -- 错啊郭 [RnB/Traditional Chinese] (2007),li jia de hai zi,2023-01-01,0.6,2,"{'type': 'youtube.com', 'oembed': {'provider_url': 'https://www.youtube.com/', 'version': '1.0', 'title': 'li jia de hai zi', 'type': 'video', 'thumbnail_width': 480, 'height': 200, 'width': 267, 'html': '<iframe width=""267"" height=""200"" src=""https://www.youtube.com/embed/__Mk-QCP4QU?feature=oembed&enablejsapi=1"" frameborder=""0"" allow=""accelerometer; autoplay; clipboard-write; encrypted-media; gyroscope; picture-in-picture"" allowfullscreen title=""li jia de hai zi""></iframe>', 'author_name': 'thienlianhat', 'provider_name': 'YouTube', 'thumbnail_url': 'https://i.ytimg.com/vi/__Mk-QCP4QU/hqdefault.jpg', 'thumbnail_height': 360, 'author_url': 'https://www.youtube.com/@thienlianhat'}}"
26,Ziggie - Where We Going To From Here [Rock / Minimal-Synth] (1985),Ziggie - Where We Going To From Here [1985],2023-01-01,0.76,2,"{'type': 'youtube.com', 'oembed': {'provider_url': 'https://www.youtube.com/', 'version': '1.0', 'title': 'Ziggie - Where We Going To From Here [1985]', 'type': 'video', 'thumbnail_width': 480, 'height': 200, 'width': 356, 'html': '<iframe width=""356"" height=""200"" src=""https://www.youtube.com/embed/Eu9SIrXSqr4?feature=oembed&enablejsapi=1"" frameborder=""0"" allow=""accelerometer; autoplay; clipboard-write; encrypted-media; gyroscope; picture-in-picture"" allowfullscreen title=""Ziggie - Where We Going To From Here [1985]""></iframe>', 'author_name': 'Cherryrxse', 'provider_name': 'YouTube', 'thumbnail_url': 'https://i.ytimg.com/vi/Eu9SIrXSqr4/hqdefault.jpg', 'thumbnail_height': 360, 'author_url': 'https://www.youtube.com/@Cherryrxse'}}"
27,Motiman - What Do I Do? [Pop/RnB] (2022),What Do I Do? (feat. Saumya Johri),2023-01-02,0.33,0,"{'type': 'youtube.com', 'oembed': {'provider_url': 'https://www.youtube.com/', 'version': '1.0', 'title': 'What Do I Do? (feat. Saumya Johri)', 'type': 'video', 'thumbnail_width': 480, 'height': 200, 'width': 267, 'html': '<iframe width=""267"" height=""200"" src=""https://www.youtube.com/embed/alg470is5ek?feature=oembed&enablejsapi=1"" frameborder=""0"" allow=""accelerometer; autoplay; clipboard-write; encrypted-media; gyroscope; picture-in-picture"" allowfullscreen title=""What Do I Do? (feat. Saumya Johri)""></iframe>', 'author_name': 'Motiman - Topic', 'provider_name': 'YouTube', 'thumbnail_url': 'https://i.ytimg.com/vi/alg470is5ek/hqdefault.jpg', 'thumbnail_height': 360, 'author_url': 'https://www.youtube.com/channel/UCCTbTque7WkTTzstVElpvJQ'}}"
28,Earth Radio - Stop Calling Me [Future Soul] (2021),Stop Calling Me - Earth Radio (Live from Third Coast Recording Company),2022-12-31,0.88,210,"{'type': 'youtube.com', 'oembed': {'provider_url': 'https://www.youtube.com/', 'version': '1.0', 'title': 'Stop Calling Me - Earth Radio (Live from Third Coast Recording Company)', 'type': 'video', 'thumbnail_width': 480, 'height': 200, 'width': 356, 'html': '<iframe width=""356"" height=""200"" src=""https://www.youtube.com/embed/0K11MtIiN04?feature=oembed&enablejsapi=1"" frameborder=""0"" allow=""accelerometer; autoplay; clipboard-write; encrypted-media; gyroscope; picture-in-picture"" allowfullscreen title=""Stop Calling Me - Earth Radio (Live from Third Coast Recording Company)""></iframe>', 'author_name': 'Earth Radio', 'provider_name': 'YouTube', 'thumbnail_url': 'https://i.ytimg.com/vi/0K11MtIiN04/hqdefault.jpg', 'thumbnail_height': 360, 'author_url': 'https://www.youtube.com/@EarthRadio'}}"
29,Madeleine Daye -- Golden [R&B] (2020),Madeleine Daye - Golden,2023-01-01,0.5,0,"{'type': 'youtube.com', 'oembed': {'provider_url': 'https://www.youtube.com/', 'version': '1.0', 'title': 'Madeleine Daye - Golden', 'type': 'video', 'thumbnail_width': 480, 'height': 200, 'width': 356, 'html': '<iframe width=""356"" height=""200"" src=""https://www.youtube.com/embed/vqiuzxxD1M0?feature=oembed&enablejsapi=1"" frameborder=""0"" allow=""accelerometer; autoplay; clipboard-write; encrypted-media; gyroscope; picture-in-picture"" allowfullscreen title=""Madeleine Daye - Golden""></iframe>', 'author_name': 'R&B Lounge', 'provider_name': 'YouTube', 'thumbnail_url': 'https://i.ytimg.com/vi/vqiuzxxD1M0/hqdefault.jpg', 'thumbnail_height': 360, 'author_url': 'https://www.youtube.com/@rnblounge'}}"
30,RATIOS -- MT [Rock] (2022),RATIOS - MT (Live at Tsunami Studios),2023-01-01,0.8,3,"{'type': 'youtube.com', 'oembed': {'provider_url': 'https://www.youtube.com/', 'version': '1.0', 'title': 'RATIOS - MT (Live at Tsunami Studios)', 'type': 'video', 'thumbnail_width': 480, 'height': 200, 'width': 356, 'html': '<iframe width=""356"" height=""200"" src=""https://www.youtube.com/embed/s3ZCFB69h5s?feature=oembed&enablejsapi=1"" frameborder=""0"" allow=""accelerometer; autoplay; clipboard-write; encrypted-media; gyroscope; picture-in-picture"" allowfullscreen title=""RATIOS - MT (Live at Tsunami Studios)""></iframe>', 'author_name': 'RATIOS', 'provider_name': 'YouTube', 'thumbnail_url': 'https://i.ytimg.com/vi/s3ZCFB69h5s/hqdefault.jpg', 'thumbnail_height': 360, 'author_url': 'https://www.youtube.com/@ratios1343'}}"
31,Super Smack - Screens [hip-hop / rap] (2020),Screens,2023-01-01,0.75,2,"{'type': 'youtube.com', 'oembed': {'provider_url': 'https://www.youtube.com/', 'version': '1.0', 'title': 'Screens', 'type': 'video', 'thumbnail_width': 480, 'height': 200, 'width': 267, 'html': '<iframe width=""267"" height=""200"" src=""https://www.youtube.com/embed/DXic4ew85Hc?feature=oembed&enablejsapi=1"" frameborder=""0"" allow=""accelerometer; autoplay; clipboard-write; encrypted-media; gyroscope; picture-in-picture"" allowfullscreen title=""Screens""></iframe>', 'author_name': 'Super Smack - Topic', 'provider_name': 'YouTube', 'thumbnail_url': 'https://i.ytimg.com/vi/DXic4ew85Hc/hqdefault.jpg', 'thumbnail_height': 360, 'author_url': 'https://www.youtube.com/channel/UC6ITNHEoEWWhCjVLnfTU2SA'}}"
32,"VAALVLA - If Everyone Is Special, No One Is [rocl/metal] (2018)","VAALVLA - If Everyone Is Special, No One Is",2023-01-01,0.75,2,"{'type': 'youtube.com', 'oembed': {'provider_url': 'https://www.youtube.com/', 'version': '1.0', 'title': 'VAALVLA - If Everyone Is Special, No One Is', 'type': 'video', 'thumbnail_width': 480, 'height': 200, 'width': 356, 'html': '<iframe width=""356"" height=""200"" src=""https://www.youtube.com/embed/0RkhQDcKvrk?feature=oembed&enablejsapi=1"" frameborder=""0"" allow=""accelerometer; autoplay; clipboard-write; encrypted-media; gyroscope; picture-in-picture"" allowfullscreen title=""VAALVLA - If Everyone Is Special, No One Is""></iframe>', 'author_name': 'waverync', 'provider_name': 'YouTube', 'thumbnail_url': 'https://i.ytimg.com/vi/0RkhQDcKvrk/hqdefault.jpg', 'thumbnail_height': 360, 'author_url': 'https://www.youtube.com/@waverync3334'}}"
33,"Nemuer -- Freyr's Lovesickness [neofolk, nordic folk, melancholy folk] (2019)",NEMUER - Freyr's Lovesickness,2022-12-31,0.88,176,"{'type': 'youtube.com', 'oembed': {'provider_url': 'https://www.youtube.com/', 'version': '1.0', 'title': ""NEMUER - Freyr's Lovesickness"", 'type': 'video', 'thumbnail_width': 480, 'height': 200, 'width': 356, 'html': '<iframe width=""356"" height=""200"" src=""https://www.youtube.com/embed/rmuMBEU_XYw?feature=oembed&enablejsapi=1"" frameborder=""0"" allow=""accelerometer; autoplay; clipboard-write; encrypted-media; gyroscope; picture-in-picture"" allowfullscreen title=""NEMUER - Freyr&#39;s Lovesickness""></iframe>', 'author_name': 'NEMUER', 'provider_name': 'YouTube', 'thumbnail_url': 'https://i.ytimg.com/vi/rmuMBEU_XYw/hqdefault.jpg', 'thumbnail_height': 360, 'author_url': 'https://www.youtube.com/@nemuer'}}"
34,Witch Piss - Wanna Be a Slug [punk] (2022),WITCH PISS - Wanna Be a Slug,2022-12-31,0.76,53,"{'type': 'youtube.com', 'oembed': {'provider_url': 'https://www.youtube.com/', 'version': '1.0', 'title': 'WITCH PISS - Wanna Be a Slug', 'type': 'video', 'thumbnail_width': 480, 'height': 200, 'width': 356, 'html': '<iframe width=""356"" height=""200"" src=""https://www.youtube.com/embed/vrivzLcwYq4?feature=oembed&enablejsapi=1"" frameborder=""0"" allow=""accelerometer; autoplay; clipboard-write; encrypted-media; gyroscope; picture-in-picture"" allowfullscreen title=""WITCH PISS - Wanna Be a Slug""></iframe>', 'author_name': 'WITCH PISS', 'provider_name': 'YouTube', 'thumbnail_url': 'https://i.ytimg.com/vi/vrivzLcwYq4/hqdefault.jpg', 'thumbnail_height': 360, 'author_url': 'https://www.youtube.com/@witchpiss2802'}}"
35,dumpster fish - IM SICK OF THIS [punk] (2022),IM SICK OF THIS,2023-01-01,0.61,12,"{'type': 'youtube.com', 'oembed': {'provider_url': 'https://www.youtube.com/', 'version': '1.0', 'title': 'IM SICK OF THIS', 'type': 'video', 'thumbnail_width': 480, 'height': 200, 'width': 267, 'html': '<iframe width=""267"" height=""200"" src=""https://www.youtube.com/embed/HEPVZ8skxCI?feature=oembed&enablejsapi=1"" frameborder=""0"" allow=""accelerometer; autoplay; clipboard-write; encrypted-media; gyroscope; picture-in-picture"" allowfullscreen title=""IM SICK OF THIS""></iframe>', 'author_name': 'dumpster fish - Topic', 'provider_name': 'YouTube', 'thumbnail_url': 'https://i.ytimg.com/vi/HEPVZ8skxCI/hqdefault.jpg', 'thumbnail_height': 360, 'author_url': 'https://www.youtube.com/channel/UCFuog80bFsEDL9Ps7Qd0ouQ'}}"
36,Floral - Unfair Treaty [Math Rock] (2015),Unfair Treaty,2022-12-31,0.85,15,"{'type': 'youtube.com', 'oembed': {'provider_url': 'https://www.youtube.com/', 'version': '1.0', 'title': 'Unfair Treaty', 'type': 'video', 'thumbnail_width': 480, 'height': 200, 'width': 267, 'html': '<iframe width=""267"" height=""200"" src=""https://www.youtube.com/embed/oCyjhOku7lw?feature=oembed&enablejsapi=1"" frameborder=""0"" allow=""accelerometer; autoplay; clipboard-write; encrypted-media; gyroscope; picture-in-picture"" allowfullscreen title=""Unfair Treaty""></iframe>', 'author_name': 'Floral - Topic', 'provider_name': 'YouTube', 'thumbnail_url': 'https://i.ytimg.com/vi/oCyjhOku7lw/hqdefault.jpg', 'thumbnail_height': 360, 'author_url': 'https://www.youtube.com/channel/UCVuma88GhGEi6QH0kzTmGkg'}}"
37,Samiam - Dull [Punk / Emo-core] (2000),Dull,2022-12-31,0.79,37,"{'type': 'youtube.com', 'oembed': {'provider_url': 'https://www.youtube.com/', 'version': '1.0', 'title': 'Dull', 'type': 'video', 'thumbnail_width': 480, 'height': 200, 'width': 267, 'html': '<iframe width=""267"" height=""200"" src=""https://www.youtube.com/embed/qvGGgneqmtY?feature=oembed&enablejsapi=1"" frameborder=""0"" allow=""accelerometer; autoplay; clipboard-write; encrypted-media; gyroscope; picture-in-picture"" allowfullscreen title=""Dull""></iframe>', 'author_name': 'Samiam - Topic', 'provider_name': 'YouTube', 'thumbnail_url': 'https://i.ytimg.com/vi/qvGGgneqmtY/hqdefault.jpg', 'thumbnail_height': 360, 'author_url': 'https://www.youtube.com/channel/UCUICV82t0yivmT_1GU4fBJA'}}"
38,Coco Maria -- Me Veo Volar [Tropicália/Latin] (2021),Me veo volar,2022-12-31,0.75,29,"{'type': 'youtube.com', 'oembed': {'provider_url': 'https://www.youtube.com/', 'version': '1.0', 'title': 'Me veo volar', 'type': 'video', 'thumbnail_width': 480, 'height': 200, 'width': 267, 'html': '<iframe width=""267"" height=""200"" src=""https://www.youtube.com/embed/h7MJWAZki_U?feature=oembed&enablejsapi=1"" frameborder=""0"" allow=""accelerometer; autoplay; clipboard-write; encrypted-media; gyroscope; picture-in-picture"" allowfullscreen title=""Me veo volar""></iframe>', 'author_name': 'Coco María - Topic', 'provider_name': 'YouTube', 'thumbnail_url': 'https://i.ytimg.com/vi/h7MJWAZki_U/hqdefault.jpg', 'thumbnail_height': 360, 'author_url': 'https://www.youtube.com/channel/UC2h82K03mHnTr47HYtb3KqQ'}}"
39,Sara Qədimova -- Küsüb Getdi [Mugham / Folk] (1941),Küsüb Getdi,2022-12-31,0.66,6,"{'type': 'youtube.com', 'oembed': {'provider_url': 'https://www.youtube.com/', 'version': '1.0', 'title': 'Küsüb Getdi', 'type': 'video', 'thumbnail_width': 480, 'height': 200, 'width': 267, 'html': '<iframe width=""267"" height=""200"" src=""https://www.youtube.com/embed/kzDkle-cABc?feature=oembed&enablejsapi=1"" frameborder=""0"" allow=""accelerometer; autoplay; clipboard-write; encrypted-media; gyroscope; picture-in-picture"" allowfullscreen title=""Küsüb Getdi""></iframe>', 'author_name': 'Sara Qədimova - Topic', 'provider_name': 'YouTube', 'thumbnail_url': 'https://i.ytimg.com/vi/kzDkle-cABc/hqdefault.jpg', 'thumbnail_height': 360, 'author_url': 'https://www.youtube.com/channel/UCluSU4F1mYrIBfki01z6eWQ'}}"
40,Kognitif - Whiskey Lullaby [Soul] (2014),Whiskey Lullaby (feat. Jeanette Robertson),2023-01-01,0.55,1,"{'type': 'youtube.com', 'oembed': {'provider_url': 'https://www.youtube.com/', 'version': '1.0', 'title': 'Whiskey Lullaby (feat. Jeanette Robertson)', 'type': 'video', 'thumbnail_width': 480, 'height': 200, 'width': 267, 'html': '<iframe width=""267"" height=""200"" src=""https://www.youtube.com/embed/l4MMVfesSx4?feature=oembed&enablejsapi=1"" frameborder=""0"" allow=""accelerometer; autoplay; clipboard-write; encrypted-media; gyroscope; picture-in-picture"" allowfullscreen title=""Whiskey Lullaby (feat. Jeanette Robertson)""></iframe>', 'author_name': 'Kognitif - Topic', 'provider_name': 'YouTube', 'thumbnail_url': 'https://i.ytimg.com/vi/l4MMVfesSx4/hqdefault.jpg', 'thumbnail_height': 360, 'author_url': 'https://www.youtube.com/channel/UCgTMsmkUAR_1q5SSmr_Slfw'}}"
41,Uranium Coffee - gate [Techno] (2018),Uranium Coffee - gate,2022-12-31,0.67,2,"{'type': 'youtube.com', 'oembed': {'provider_url': 'https://www.youtube.com/', 'version': '1.0', 'title': 'Uranium Coffee - gate', 'type': 'video', 'thumbnail_width': 480, 'height': 200, 'width': 267, 'html': '<iframe width=""267"" height=""200"" src=""https://www.youtube.com/embed/GkE3dyWIjdw?feature=oembed&enablejsapi=1"" frameborder=""0"" allow=""accelerometer; autoplay; clipboard-write; encrypted-media; gyroscope; picture-in-picture"" allowfullscreen title=""Uranium Coffee - gate""></iframe>', 'author_name': 'urcoy', 'provider_name': 'YouTube', 'thumbnail_url': 'https://i.ytimg.com/vi/GkE3dyWIjdw/hqdefault.jpg', 'thumbnail_height': 360, 'author_url': 'https://www.youtube.com/@urcoy1426'}}"
42,Okenyo -- Eyes to the Sky [R&B/hip-hop] (2019),OKENYO - Eyes to the Sky,2022-12-31,0.75,7,"{'type': 'youtube.com', 'oembed': {'provider_url': 'https://www.youtube.com/', 'version': '1.0', 'title': 'OKENYO - Eyes to the Sky', 'type': 'video', 'thumbnail_width': 480, 'height': 200, 'width': 356, 'html': '<iframe width=""356"" height=""200"" src=""https://www.youtube.com/embed/ROBR8vNP7wM?start=2&feature=oembed&enablejsapi=1"" frameborder=""0"" allow=""accelerometer; autoplay; clipboard-write; encrypted-media; gyroscope; picture-in-picture"" allowfullscreen title=""OKENYO - Eyes to the Sky""></iframe>', 'author_name': 'OKENYO', 'provider_name': 'YouTube', 'thumbnail_url': 'https://i.ytimg.com/vi/ROBR8vNP7wM/hqdefault.jpg', 'thumbnail_height': 360, 'author_url': 'https://www.youtube.com/@Okenyo'}}"
43,Madilyn Mei -- The Chapel [indie folk] (2022),Madilyn Mei - The Chapel (Official Music Video),2022-12-31,0.75,4,"{'type': 'youtube.com', 'oembed': {'provider_url': 'https://www.youtube.com/', 'version': '1.0', 'title': 'Madilyn Mei - The Chapel (Official Music Video)', 'type': 'video', 'thumbnail_width': 480, 'height': 200, 'width': 356, 'html': '<iframe width=""356"" height=""200"" src=""https://www.youtube.com/embed/YciQCiaLCfk?feature=oembed&enablejsapi=1"" frameborder=""0"" allow=""accelerometer; autoplay; clipboard-write; encrypted-media; gyroscope; picture-in-picture"" allowfullscreen title=""Madilyn Mei - The Chapel (Official Music Video)""></iframe>', 'author_name': 'madilyn mei𓆏', 'provider_name': 'YouTube', 'thumbnail_url': 'https://i.ytimg.com/vi/YciQCiaLCfk/hqdefault.jpg', 'thumbnail_height': 360, 'author_url': 'https://www.youtube.com/@madilynmei'}}"
44,"Karkwa — La Fuite [alt rock, post punk] (2005)",Karkwa - La Fuite,2022-12-31,1.0,4,"{'type': 'youtube.com', 'oembed': {'provider_url': 'https://www.youtube.com/', 'version': '1.0', 'title': 'Karkwa - La Fuite', 'type': 'video', 'thumbnail_width': 480, 'height': 200, 'width': 267, 'html': '<iframe width=""267"" height=""200"" src=""https://www.youtube.com/embed/GpzjFh2Ssys?feature=oembed&enablejsapi=1"" frameborder=""0"" allow=""accelerometer; autoplay; clipboard-write; encrypted-media; gyroscope; picture-in-picture"" allowfullscreen title=""Karkwa - La Fuite""></iframe>', 'author_name': 'Audiogram', 'provider_name': 'YouTube', 'thumbnail_url': 'https://i.ytimg.com/vi/GpzjFh2Ssys/hqdefault.jpg', 'thumbnail_height': 360, 'author_url': 'https://www.youtube.com/@audiogramqc'}}"
45,Pete Thorn -- Into Focus [Rock] (2018),Into Focus,2022-12-31,0.67,4,"{'type': 'youtube.com', 'oembed': {'provider_url': 'https://www.youtube.com/', 'version': '1.0', 'title': 'Into Focus', 'type': 'video', 'thumbnail_width': 480, 'height': 200, 'width': 267, 'html': '<iframe width=""267"" height=""200"" src=""https://www.youtube.com/embed/s3dwptXG02g?list=OLAK5uy_k8KbGnG5z8scPVid_66yAndnUhDxYFLnA"" frameborder=""0"" allow=""accelerometer; autoplay; clipboard-write; encrypted-media; gyroscope; picture-in-picture"" allowfullscreen></iframe>', 'author_name': 'Peter Thorn - Topic', 'provider_name': 'YouTube', 'thumbnail_url': 'https://i.ytimg.com/vi/s3dwptXG02g/hqdefault.jpg', 'thumbnail_height': 360, 'author_url': 'https://www.youtube.com/channel/UCsMQ8PVm4qYsKWYIuQH2SQA'}}"
46,RAMEN FOG -- SLIPPY FINGERS LIVE [Prog Pop Rock] (2022),Slippy Fingers Live | Ramen Fog,2023-01-01,0.56,1,"{'type': 'youtube.com', 'oembed': {'provider_url': 'https://www.youtube.com/', 'version': '1.0', 'title': 'Slippy Fingers Live | Ramen Fog', 'type': 'video', 'thumbnail_width': 480, 'height': 200, 'width': 356, 'html': '<iframe width=""356"" height=""200"" src=""https://www.youtube.com/embed/CZcR4DXHCWs?feature=oembed&enablejsapi=1"" frameborder=""0"" allow=""accelerometer; autoplay; clipboard-write; encrypted-media; gyroscope; picture-in-picture"" allowfullscreen title=""Slippy Fingers Live | Ramen Fog""></iframe>', 'author_name': 'Ramen Fog', 'provider_name': 'YouTube', 'thumbnail_url': 'https://i.ytimg.com/vi/CZcR4DXHCWs/hqdefault.jpg', 'thumbnail_height': 360, 'author_url': 'https://www.youtube.com/@ramenfog8281'}}"
47,Frampton Brothers - Party Hat [Punk] (1990),Frampton Bros  -   Party Hat,2022-12-31,0.43,0,"{'type': 'youtube.com', 'oembed': {'provider_url': 'https://www.youtube.com/', 'version': '1.0', 'title': 'Frampton Bros  -   Party Hat', 'type': 'video', 'thumbnail_width': 480, 'height': 200, 'width': 356, 'html': '<iframe width=""356"" height=""200"" src=""https://www.youtube.com/embed/hGFXFCB4jKk?feature=oembed&enablejsapi=1"" frameborder=""0"" allow=""accelerometer; autoplay; clipboard-write; encrypted-media; gyroscope; picture-in-picture"" allowfullscreen title=""Frampton Bros  -   Party Hat""></iframe>', 'author_name': ""MIKE PSYCHE'S  PITTSBURGH MUSIC ARCHIVE"", 'provider_name': 'YouTube', 'thumbnail_url': 'https://i.ytimg.com/vi/hGFXFCB4jKk/hqdefault.jpg', 'thumbnail_height': 360, 'author_url': 'https://www.youtube.com/@MIKEPSYCHE'}}"
48,STORMSONS - Black and Grey [rock](2018),STORMSONS - Black and Grey (Official Music Video),2022-12-31,0.36,0,"{'type': 'youtube.com', 'oembed': {'provider_url': 'https://www.youtube.com/', 'version': '1.0', 'title': 'STORMSONS - Black and Grey (Official Music Video)', 'type': 'video', 'thumbnail_width': 480, 'height': 200, 'width': 356, 'html': '<iframe width=""356"" height=""200"" src=""https://www.youtube.com/embed/Uqvnlo3Rt9M?feature=oembed&enablejsapi=1"" frameborder=""0"" allow=""accelerometer; autoplay; clipboard-write; encrypted-media; gyroscope; picture-in-picture"" allowfullscreen title=""STORMSONS - Black and Grey (Official Music Video)""></iframe>', 'author_name': 'StormSons TV', 'provider_name': 'YouTube', 'thumbnail_url': 'https://i.ytimg.com/vi/Uqvnlo3Rt9M/hqdefault.jpg', 'thumbnail_height': 360, 'author_url': 'https://www.youtube.com/@stormsonstv2515'}}"
49,MSKING - The Machine [Grunge-Pop] (2022),MSKING - The Machine (Explicit) - Official Video,2022-12-31,0.5,0,"{'type': 'youtube.com', 'oembed': {'provider_url': 'https://www.youtube.com/', 'version': '1.0', 'title': 'MSKING - The Machine (Explicit) - Official Video', 'type': 'video', 'thumbnail_width': 480, 'height': 200, 'width': 267, 'html': '<iframe width=""267"" height=""200"" src=""https://www.youtube.com/embed/lYzmm9C8g-o?feature=oembed&enablejsapi=1"" frameborder=""0"" allow=""accelerometer; autoplay; clipboard-write; encrypted-media; gyroscope; picture-in-picture"" allowfullscreen title=""MSKING - The Machine (Explicit) - Official Video""></iframe>', 'author_name': 'MSKING MUSIC', 'provider_name': 'YouTube', 'thumbnail_url': 'https://i.ytimg.com/vi/lYzmm9C8g-o/hqdefault.jpg', 'thumbnail_height': 360, 'author_url': 'https://www.youtube.com/@mskingmusicofficial'}}"
50,"鈴木康行 Yasuyuki Suzuki - Opening Demo / Menu / Task Failed [Vaporwave, Electronic Jazz, Funk] (1997)",鈴木康行 Yasuyuki Suzuki - Opening Demo / Menu / Task Failed (1997),2022-12-30,0.88,192,"{'type': 'youtube.com', 'oembed': {'provider_url': 'https://www.youtube.com/', 'version': '1.0', 'title': '鈴木康行 Yasuyuki Suzuki - Opening Demo / Menu / Task Failed (1997)', 'type': 'video', 'thumbnail_width': 480, 'height': 200, 'width': 356, 'html': '<iframe width=""356"" height=""200"" src=""https://www.youtube.com/embed/4N8dTFjGMyo?feature=oembed&enablejsapi=1"" frameborder=""0"" allow=""accelerometer; autoplay; clipboard-write; encrypted-media; gyroscope; picture-in-picture"" allowfullscreen title=""鈴木康行 Yasuyuki Suzuki - Opening Demo / Menu / Task Failed (1997)""></iframe>', 'author_name': 'Music for empty rooms II ', 'provider_name': 'YouTube', 'thumbnail_url': 'https://i.ytimg.com/vi/4N8dTFjGMyo/hqdefault.jpg', 'thumbnail_height': 360, 'author_url': 'https://www.youtube.com/@musicforemptyrooms2'}}"
51,Barton Carroll - Every Little Bit Hurts [Folk / Bluegrass](2013),"Barton Carroll ""Every Little Bit Hurts""",2022-12-31,0.83,4,"{'type': 'youtube.com', 'oembed': {'provider_url': 'https://www.youtube.com/', 'version': '1.0', 'title': 'Barton Carroll ""Every Little Bit Hurts""', 'type': 'video', 'thumbnail_width': 480, 'height': 200, 'width': 356, 'html': '<iframe width=""356"" height=""200"" src=""https://www.youtube.com/embed/pJ5BcKmbpKU?feature=oembed&enablejsapi=1"" frameborder=""0"" allow=""accelerometer; autoplay; clipboard-write; encrypted-media; gyroscope; picture-in-picture"" allowfullscreen title=""Barton Carroll &quot;Every Little Bit Hurts&quot;""></iframe>', 'author_name': 'Niles Productions', 'provider_name': 'YouTube', 'thumbnail_url': 'https://i.ytimg.com/vi/pJ5BcKmbpKU/hqdefault.jpg', 'thumbnail_height': 360, 'author_url': 'https://www.youtube.com/@NilesProductions'}}"
52,The Slow Climb -- Told [Indie Rock] (2022),Told,2022-12-31,0.5,0,"{'type': 'open.spotify.com', 'oembed': {'provider_url': 'https://spotify.com', 'description': 'Listen to Told on Spotify. The Slow Climb · Song · 2022.', 'title': 'Told', 'type': 'rich', 'thumbnail_width': 300, 'height': 152, 'width': 456, 'html': '<iframe class=""embedly-embed"" src=""https://cdn.embedly.com/widgets/media.html?src=https%3A%2F%2Fopen.spotify.com%2Fembed%2Ftrack%2F3Uwmvjc9WJcpXbskhDTecm%3Futm_source%3Doembed&display_name=Spotify&url=https%3A%2F%2Fopen.spotify.com%2Ftrack%2F3Uwmvjc9WJcpXbskhDTecm&image=https%3A%2F%2Fi.scdn.co%2Fimage%2Fab67616d00001e02db87fe6ad7da66c6b0f27712&key=2aa3c4d5f3de4f5b9120b660ad850dc9&type=text%2Fhtml&schema=spotify"" width=""456"" height=""152"" scrolling=""no"" title=""Spotify embed"" frameborder=""0"" allow=""autoplay; fullscreen"" allowfullscreen=""true""></iframe>', 'version': '1.0', 'provider_name': 'Spotify', 'thumbnail_url': 'https://i.scdn.co/image/ab67616d00001e02db87fe6ad7da66c6b0f27712', 'thumbnail_height': 300}}"
53,Well Wisher -- Need You Around [indie rock] (2022),Need You Around,2022-12-30,0.88,84,"{'type': 'youtube.com', 'oembed': {'provider_url': 'https://www.youtube.com/', 'version': '1.0', 'title': 'Need You Around', 'type': 'video', 'thumbnail_width': 480, 'height': 200, 'width': 356, 'html': '<iframe width=""356"" height=""200"" src=""https://www.youtube.com/embed/mw5J5FD4UnQ?feature=oembed&enablejsapi=1"" frameborder=""0"" allow=""accelerometer; autoplay; clipboard-write; encrypted-media; gyroscope; picture-in-picture"" allowfullscreen title=""Need You Around""></iframe>', 'author_name': 'EggHunt Records', 'provider_name': 'YouTube', 'thumbnail_url': 'https://i.ytimg.com/vi/mw5J5FD4UnQ/hqdefault.jpg', 'thumbnail_height': 360, 'author_url': 'https://www.youtube.com/@EggHuntRecords'}}"
54,Wigwam - Grass for Blades [Progressive rock] (1976),Wigwam - Grass for Blades,2022-12-30,0.81,36,"{'type': 'youtube.com', 'oembed': {'provider_url': 'https://www.youtube.com/', 'version': '1.0', 'title': 'Wigwam - Grass for Blades', 'type': 'video', 'thumbnail_width': 480, 'height': 200, 'width': 267, 'html': '<iframe width=""267"" height=""200"" src=""https://www.youtube.com/embed/gL7AqYop2a4?feature=oembed&enablejsapi=1"" frameborder=""0"" allow=""accelerometer; autoplay; clipboard-write; encrypted-media; gyroscope; picture-in-picture"" allowfullscreen title=""Wigwam - Grass for Blades""></iframe>', 'author_name': 'ThomasAnthonyJokela', 'provider_name': 'YouTube', 'thumbnail_url': 'https://i.ytimg.com/vi/gL7AqYop2a4/hqdefault.jpg', 'thumbnail_height': 360, 'author_url': 'https://www.youtube.com/@ThomasAnthonyJokela'}}"
55,Jake Keegan — Damn Rona [americana/blues rock](2022),Jake Keegan - Damn Rona,2022-12-31,0.81,14,"{'type': 'youtube.com', 'oembed': {'provider_url': 'https://www.youtube.com/', 'version': '1.0', 'title': 'Jake Keegan - Damn Rona', 'type': 'video', 'thumbnail_width': 480, 'height': 200, 'width': 356, 'html': '<iframe width=""356"" height=""200"" src=""https://www.youtube.com/embed/06AymlZWE_o?feature=oembed&enablejsapi=1"" frameborder=""0"" allow=""accelerometer; autoplay; clipboard-write; encrypted-media; gyroscope; picture-in-picture"" allowfullscreen title=""Jake Keegan - Damn Rona""></iframe>', 'author_name': 'Jake Keegan Music', 'provider_name': 'YouTube', 'thumbnail_url': 'https://i.ytimg.com/vi/06AymlZWE_o/hqdefault.jpg', 'thumbnail_height': 360, 'author_url': 'https://www.youtube.com/@jakekeeganmusic3865'}}"
56,Thoms Naim - Fire [Fusion Jazz Guitar/Blues/Alternative/Bass/Drums] (2020),"Thomas Naïm ""Fire"" en session TSFJAZZ !",2022-12-31,0.6,2,"{'type': 'youtube.com', 'oembed': {'provider_url': 'https://www.youtube.com/', 'version': '1.0', 'title': 'Thomas Naïm ""Fire"" en session TSFJAZZ !', 'type': 'video', 'thumbnail_width': 480, 'height': 200, 'width': 356, 'html': '<iframe width=""356"" height=""200"" src=""https://www.youtube.com/embed/cEBEbnWkOXM?feature=oembed&enablejsapi=1"" frameborder=""0"" allow=""accelerometer; autoplay; clipboard-write; encrypted-media; gyroscope; picture-in-picture"" allowfullscreen title=""Thomas Naïm &quot;Fire&quot; en session TSFJAZZ !""></iframe>', 'author_name': 'TSF JAZZ', 'provider_name': 'YouTube', 'thumbnail_url': 'https://i.ytimg.com/vi/cEBEbnWkOXM/hqdefault.jpg', 'thumbnail_height': 360, 'author_url': 'https://www.youtube.com/@TSFJAZZRadio'}}"
57,Stolen Moon -- Good Intentions [psychedelic rock] (2022),Good Intentions,2022-12-31,0.67,2,"{'type': 'open.spotify.com', 'oembed': {'provider_url': 'https://spotify.com', 'description': 'Listen to Good Intentions on Spotify. Stolen Moon · Song · 2022.', 'title': 'Good Intentions', 'type': 'rich', 'thumbnail_width': 300, 'height': 152, 'width': 456, 'html': '<iframe class=""embedly-embed"" src=""https://cdn.embedly.com/widgets/media.html?src=https%3A%2F%2Fopen.spotify.com%2Fembed%2Ftrack%2F58V5xDpY2Np9SAOkmsyD5d%3Futm_source%3Doembed&display_name=Spotify&url=https%3A%2F%2Fopen.spotify.com%2Ftrack%2F58V5xDpY2Np9SAOkmsyD5d&image=https%3A%2F%2Fi.scdn.co%2Fimage%2Fab67616d00001e02ac9d59d21ebc080b7e1756a7&key=2aa3c4d5f3de4f5b9120b660ad850dc9&type=text%2Fhtml&schema=spotify"" width=""456"" height=""152"" scrolling=""no"" title=""Spotify embed"" frameborder=""0"" allow=""autoplay; fullscreen"" allowfullscreen=""true""></iframe>', 'version': '1.0', 'provider_name': 'Spotify', 'thumbnail_url': 'https://i.scdn.co/image/ab67616d00001e02ac9d59d21ebc080b7e1756a7', 'thumbnail_height': 300}}"
58,Desolation Horse - Us vs. The Good Times [Folk-Rock/Americana] (2022),Us vs. The Good Times,2022-12-30,0.79,10,"{'type': 'youtube.com', 'oembed': {'provider_url': 'https://www.youtube.com/', 'version': '1.0', 'title': 'Us vs. The Good Times', 'type': 'video', 'thumbnail_width': 480, 'height': 200, 'width': 267, 'html': '<iframe width=""267"" height=""200"" src=""https://www.youtube.com/embed/9ccO-BWDslc?feature=oembed&enablejsapi=1"" frameborder=""0"" allow=""accelerometer; autoplay; clipboard-write; encrypted-media; gyroscope; picture-in-picture"" allowfullscreen title=""Us vs. The Good Times""></iframe>', 'author_name': 'Desolation Horse - Topic', 'provider_name': 'YouTube', 'thumbnail_url': 'https://i.ytimg.com/vi/9ccO-BWDslc/hqdefault.jpg', 'thumbnail_height': 360, 'author_url': 'https://www.youtube.com/channel/UCUawrhPIMsV3j4PoiEbkfMw'}}"
59,ROLAND CRISTAL - Les Ménestrels percussionnistes [happy hardcore] (2021),ROLAND CRISTAL - Les Ménestrels percussionnistes,2022-12-30,0.74,14,"{'type': 'youtube.com', 'oembed': {'provider_url': 'https://www.youtube.com/', 'version': '1.0', 'title': 'ROLAND CRISTAL - Les Ménestrels percussionnistes', 'type': 'video', 'thumbnail_width': 480, 'height': 200, 'width': 356, 'html': '<iframe width=""356"" height=""200"" src=""https://www.youtube.com/embed/F8ixdEPb1Ws?feature=oembed&enablejsapi=1"" frameborder=""0"" allow=""accelerometer; autoplay; clipboard-write; encrypted-media; gyroscope; picture-in-picture"" allowfullscreen title=""ROLAND CRISTAL - Les Ménestrels percussionnistes""></iframe>', 'author_name': 'Roland Cristal', 'provider_name': 'YouTube', 'thumbnail_url': 'https://i.ytimg.com/vi/F8ixdEPb1Ws/hqdefault.jpg', 'thumbnail_height': 360, 'author_url': 'https://www.youtube.com/@rolandcristal6176'}}"
60,Dimitri — You Never Know [Neo Soul] (2015),You Never Know,2022-12-30,0.82,11,"{'type': 'youtube.com', 'oembed': {'provider_url': 'https://www.youtube.com/', 'version': '1.0', 'title': 'You Never Know', 'type': 'video', 'thumbnail_width': 480, 'height': 200, 'width': 356, 'html': '<iframe width=""356"" height=""200"" src=""https://www.youtube.com/embed/dqCMiJG9ur8?feature=oembed&enablejsapi=1"" frameborder=""0"" allow=""accelerometer; autoplay; clipboard-write; encrypted-media; gyroscope; picture-in-picture"" allowfullscreen title=""You Never Know""></iframe>', 'author_name': 'Dimitri De Alencar 2', 'provider_name': 'YouTube', 'thumbnail_url': 'https://i.ytimg.com/vi/dqCMiJG9ur8/hqdefault.jpg', 'thumbnail_height': 360, 'author_url': 'https://www.youtube.com/@dimitridealencar2790'}}"
61,Citizen Radio - The Hop [funk hip-hop rap] (2018),Radio Citizen - The Hop /Excursions (Live 16.12.2017 Kantine Am Berghain),2022-12-31,0.75,4,"{'type': 'youtube.com', 'oembed': {'provider_url': 'https://www.youtube.com/', 'version': '1.0', 'title': 'Radio Citizen - The Hop /Excursions (Live 16.12.2017 Kantine Am Berghain)', 'type': 'video', 'thumbnail_width': 480, 'height': 200, 'width': 356, 'html': '<iframe width=""356"" height=""200"" src=""https://www.youtube.com/embed/wfgp42Ke1Lo?feature=oembed&enablejsapi=1"" frameborder=""0"" allow=""accelerometer; autoplay; clipboard-write; encrypted-media; gyroscope; picture-in-picture"" allowfullscreen title=""Radio Citizen - The Hop /Excursions (Live 16.12.2017 Kantine Am Berghain)""></iframe>', 'author_name': 'Radio Citizen', 'provider_name': 'YouTube', 'thumbnail_url': 'https://i.ytimg.com/vi/wfgp42Ke1Lo/hqdefault.jpg', 'thumbnail_height': 360, 'author_url': 'https://www.youtube.com/@radiocitizen'}}"
62,Alphazone - Flashback (Original Club Mix) [Hardtrance] (2004),"Alphazone ""Flashback"" (Original Club Mix)",2022-12-31,0.76,2,"{'type': 'youtube.com', 'oembed': {'provider_url': 'https://www.youtube.com/', 'version': '1.0', 'title': 'Alphazone ""Flashback"" (Original Club Mix)', 'type': 'video', 'thumbnail_width': 480, 'height': 200, 'width': 267, 'html': '<iframe width=""267"" height=""200"" src=""https://www.youtube.com/embed/6s5kpiD9MUw?feature=oembed&enablejsapi=1"" frameborder=""0"" allow=""accelerometer; autoplay; clipboard-write; encrypted-media; gyroscope; picture-in-picture"" allowfullscreen title=""Alphazone &quot;Flashback&quot; (Original Club Mix)""></iframe>', 'author_name': 'Alphazone - Topic', 'provider_name': 'YouTube', 'thumbnail_url': 'https://i.ytimg.com/vi/6s5kpiD9MUw/hqdefault.jpg', 'thumbnail_height': 360, 'author_url': 'https://www.youtube.com/channel/UC8hrPZUMHUqt-ivjT_XecIw'}}"
63,Jupiter Sunrise -- Arthur Nix [indie rock] (2003),Arthur Nix Video,2022-12-30,0.76,6,"{'type': 'youtube.com', 'oembed': {'provider_url': 'https://www.youtube.com/', 'version': '1.0', 'title': 'Arthur Nix Video', 'type': 'video', 'thumbnail_width': 480, 'height': 200, 'width': 356, 'html': '<iframe width=""356"" height=""200"" src=""https://www.youtube.com/embed/4Nf8Ejf_XDU?feature=oembed&enablejsapi=1"" frameborder=""0"" allow=""accelerometer; autoplay; clipboard-write; encrypted-media; gyroscope; picture-in-picture"" allowfullscreen title=""Arthur Nix Video""></iframe>', 'author_name': 'jupitersunrise', 'provider_name': 'YouTube', 'thumbnail_url': 'https://i.ytimg.com/vi/4Nf8Ejf_XDU/hqdefault.jpg', 'thumbnail_height': 360, 'author_url': 'https://www.youtube.com/@jupitersunrise'}}"
64,Shiro Hamaguchi - Amor Tristis [orchestral/instrumental] (2000),18 - Shirō Hamaguchi . Morgan ~ Amor Tristis,2022-12-30,0.85,56,"{'type': 'youtube.com', 'oembed': {'provider_url': 'https://www.youtube.com/', 'version': '1.0', 'title': '18 - Shirō Hamaguchi . Morgan ~ Amor Tristis', 'type': 'video', 'thumbnail_width': 480, 'height': 200, 'width': 356, 'html': '<iframe width=""356"" height=""200"" src=""https://www.youtube.com/embed/rbwrEX_8P0k?feature=oembed&enablejsapi=1"" frameborder=""0"" allow=""accelerometer; autoplay; clipboard-write; encrypted-media; gyroscope; picture-in-picture"" allowfullscreen title=""18 - Shirō Hamaguchi . Morgan ~ Amor Tristis""></iframe>', 'author_name': 'strukla', 'provider_name': 'YouTube', 'thumbnail_url': 'https://i.ytimg.com/vi/rbwrEX_8P0k/hqdefault.jpg', 'thumbnail_height': 360, 'author_url': 'https://www.youtube.com/@strukla'}}"
65,Doremi Fly -- No giving up [pop] (2014),Doremi Fly - No Giving Up Ft. Ben NeZbit (Official Anti-Bullying Music Video),2022-12-31,0.5,0,"{'type': 'youtube.com', 'oembed': {'provider_url': 'https://www.youtube.com/', 'version': '1.0', 'title': 'Doremi Fly - No Giving Up Ft. Ben NeZbit (Official Anti-Bullying Music Video)', 'type': 'video', 'thumbnail_width': 480, 'height': 200, 'width': 356, 'html': '<iframe width=""356"" height=""200"" src=""https://www.youtube.com/embed/_FOKzECrC2s?feature=oembed&enablejsapi=1"" frameborder=""0"" allow=""accelerometer; autoplay; clipboard-write; encrypted-media; gyroscope; picture-in-picture"" allowfullscreen title=""Doremi Fly - No Giving Up Ft. Ben NeZbit (Official Anti-Bullying Music Video)""></iframe>', 'author_name': 'DOREMI FLY', 'provider_name': 'YouTube', 'thumbnail_url': 'https://i.ytimg.com/vi/_FOKzECrC2s/hqdefault.jpg', 'thumbnail_height': 360, 'author_url': 'https://www.youtube.com/@doremiflyMUSIC'}}"
66,Insane Driver - Age of Lies [rock](2021),Age of Lies,2022-12-30,0.67,3,"{'type': 'youtube.com', 'oembed': {'provider_url': 'https://www.youtube.com/', 'version': '1.0', 'title': 'Age of Lies', 'type': 'video', 'thumbnail_width': 480, 'height': 200, 'width': 267, 'html': '<iframe width=""267"" height=""200"" src=""https://www.youtube.com/embed/zLgEYuGQcj8?feature=oembed&enablejsapi=1"" frameborder=""0"" allow=""accelerometer; autoplay; clipboard-write; encrypted-media; gyroscope; picture-in-picture"" allowfullscreen title=""Age of Lies""></iframe>', 'author_name': 'Insane Driver - Topic', 'provider_name': 'YouTube', 'thumbnail_url': 'https://i.ytimg.com/vi/zLgEYuGQcj8/hqdefault.jpg', 'thumbnail_height': 360, 'author_url': 'https://www.youtube.com/channel/UC6rMVEGR_kt6m2-343WNk6Q'}}"
67,All the Cold - Nurman (Hymn of Cold Northern Town) [Ambient Black Metal] (2009),Nurman (Hymn of Cold Northern Town),2022-12-30,0.85,21,"{'type': 'youtube.com', 'oembed': {'provider_url': 'https://www.youtube.com/', 'version': '1.0', 'title': 'Nurman (Hymn of Cold Northern Town)', 'type': 'video', 'thumbnail_width': 480, 'height': 200, 'width': 267, 'html': '<iframe width=""267"" height=""200"" src=""https://www.youtube.com/embed/2-rfjnuenes?feature=oembed&enablejsapi=1"" frameborder=""0"" allow=""accelerometer; autoplay; clipboard-write; encrypted-media; gyroscope; picture-in-picture"" allowfullscreen title=""Nurman (Hymn of Cold Northern Town)""></iframe>', 'author_name': 'All The Cold - Topic', 'provider_name': 'YouTube', 'thumbnail_url': 'https://i.ytimg.com/vi/2-rfjnuenes/hqdefault.jpg', 'thumbnail_height': 360, 'author_url': 'https://www.youtube.com/channel/UCyQcVoMmmF2k0l1Rfk0Mczw'}}"
68,True Faith -- The Passion [post-punk] (2021),"True Faith ""The Passion"" (Official Audio)",2022-12-30,0.79,7,"{'type': 'youtube.com', 'oembed': {'provider_url': 'https://www.youtube.com/', 'version': '1.0', 'title': 'True Faith ""The Passion"" (Official Audio)', 'type': 'video', 'thumbnail_width': 480, 'height': 200, 'width': 356, 'html': '<iframe width=""356"" height=""200"" src=""https://www.youtube.com/embed/MYMoDO9O09I?feature=oembed&enablejsapi=1"" frameborder=""0"" allow=""accelerometer; autoplay; clipboard-write; encrypted-media; gyroscope; picture-in-picture"" allowfullscreen title=""True Faith &quot;The Passion&quot; (Official Audio)""></iframe>', 'author_name': 'The True Faith', 'provider_name': 'YouTube', 'thumbnail_url': 'https://i.ytimg.com/vi/MYMoDO9O09I/hqdefault.jpg', 'thumbnail_height': 360, 'author_url': 'https://www.youtube.com/@the_true_faith'}}"
69,Bankrupt - Viktorland [political melodic punk] (2022),Bankrupt - Viktorland (English Version),2022-12-30,0.8,6,"{'type': 'youtube.com', 'oembed': {'provider_url': 'https://www.youtube.com/', 'version': '1.0', 'title': 'Bankrupt - Viktorland (English Version)', 'type': 'video', 'thumbnail_width': 480, 'height': 200, 'width': 356, 'html': '<iframe width=""356"" height=""200"" src=""https://www.youtube.com/embed/RB-yjiuMzjw?feature=oembed&enablejsapi=1"" frameborder=""0"" allow=""accelerometer; autoplay; clipboard-write; encrypted-media; gyroscope; picture-in-picture"" allowfullscreen title=""Bankrupt - Viktorland (English Version)""></iframe>', 'author_name': 'Bankrupt', 'provider_name': 'YouTube', 'thumbnail_url': 'https://i.ytimg.com/vi/RB-yjiuMzjw/hqdefault.jpg', 'thumbnail_height': 360, 'author_url': 'https://www.youtube.com/@BankruptHu'}}"
70,Carousels -- Here to Me [Shoegaze](2013),Carousels - Here To Me,2022-12-30,0.72,3,"{'type': 'youtube.com', 'oembed': {'provider_url': 'https://www.youtube.com/', 'version': '1.0', 'title': 'Carousels - Here To Me', 'type': 'video', 'thumbnail_width': 480, 'height': 200, 'width': 356, 'html': '<iframe width=""356"" height=""200"" src=""https://www.youtube.com/embed/7qfLNVZRklI?feature=oembed&enablejsapi=1"" frameborder=""0"" allow=""accelerometer; autoplay; clipboard-write; encrypted-media; gyroscope; picture-in-picture"" allowfullscreen title=""Carousels - Here To Me""></iframe>', 'author_name': 'souvlaki', 'provider_name': 'YouTube', 'thumbnail_url': 'https://i.ytimg.com/vi/7qfLNVZRklI/hqdefault.jpg', 'thumbnail_height': 360, 'author_url': 'https://www.youtube.com/@souvlaki7667'}}"
71,Mental Miracle - Can't Take You Higher (Original Mix) [Hardtrance] (2003),Mental Miracle - Can't Take You Higher (Original Mix),2022-12-29,0.87,181,"{'type': 'youtube.com', 'oembed': {'provider_url': 'https://www.youtube.com/', 'version': '1.0', 'title': ""Mental Miracle - Can't Take You Higher (Original Mix)"", 'type': 'video', 'thumbnail_width': 480, 'height': 200, 'width': 267, 'html': '<iframe width=""267"" height=""200"" src=""https://www.youtube.com/embed/gJbEc6qOpnw?feature=oembed&enablejsapi=1"" frameborder=""0"" allow=""accelerometer; autoplay; clipboard-write; encrypted-media; gyroscope; picture-in-picture"" allowfullscreen title=""Mental Miracle - Can&#39;t Take You Higher (Original Mix)""></iframe>', 'author_name': 'Martynas Martinkėnas', 'provider_name': 'YouTube', 'thumbnail_url': 'https://i.ytimg.com/vi/gJbEc6qOpnw/hqdefault.jpg', 'thumbnail_height': 360, 'author_url': 'https://www.youtube.com/@martis1544'}}"
72,OPUS -- Behind the Time (Full Album) [Japanese City Pop] (2022),Behind The Time,2022-12-30,0.71,5,"{'type': 'open.spotify.com', 'oembed': {'provider_url': 'https://spotify.com', 'description': 'Listen to Behind The Time on Spotify. Opus · Album · 2022 · 7 songs.', 'title': 'Behind The Time', 'type': 'rich', 'thumbnail_width': 300, 'height': 352, 'width': 456, 'html': '<iframe class=""embedly-embed"" src=""https://cdn.embedly.com/widgets/media.html?src=https%3A%2F%2Fopen.spotify.com%2Fembed%2Falbum%2F3QOl5uf9WDy2XqMgOBJLXW%3Futm_source%3Doembed&display_name=Spotify&url=https%3A%2F%2Fopen.spotify.com%2Falbum%2F3QOl5uf9WDy2XqMgOBJLXW&image=https%3A%2F%2Fi.scdn.co%2Fimage%2Fab67616d00001e02ea9235dba1bd22b59c9409e3&key=2aa3c4d5f3de4f5b9120b660ad850dc9&type=text%2Fhtml&schema=spotify"" width=""456"" height=""352"" scrolling=""no"" title=""Spotify embed"" frameborder=""0"" allow=""autoplay; fullscreen"" allowfullscreen=""true""></iframe>', 'version': '1.0', 'provider_name': 'Spotify', 'thumbnail_url': 'https://i.scdn.co/image/ab67616d00001e02ea9235dba1bd22b59c9409e3', 'thumbnail_height': 300}}"
73,The Kuhlies -- Loco Crazy [pop punk] (2022),Loco Crazy,2022-12-30,0.6,1,"{'type': 'youtube.com', 'oembed': {'provider_url': 'https://www.youtube.com/', 'version': '1.0', 'title': 'Loco Crazy', 'type': 'video', 'thumbnail_width': 480, 'height': 200, 'width': 267, 'html': '<iframe width=""267"" height=""200"" src=""https://www.youtube.com/embed/XVFCrsc8D5o?feature=oembed&enablejsapi=1"" frameborder=""0"" allow=""accelerometer; autoplay; clipboard-write; encrypted-media; gyroscope; picture-in-picture"" allowfullscreen title=""Loco Crazy""></iframe>', 'author_name': 'The Kuhlies - Topic', 'provider_name': 'YouTube', 'thumbnail_url': 'https://i.ytimg.com/vi/XVFCrsc8D5o/hqdefault.jpg', 'thumbnail_height': 360, 'author_url': 'https://www.youtube.com/channel/UCq4ene6P_wvWqR64JeihMfQ'}}"
74,Parasail — Dreams From a Distance [synth/dreamwave] (2022),Dreams From a Distance,2022-12-30,0.59,2,"{'type': 'open.spotify.com', 'oembed': {'provider_url': 'https://spotify.com', 'description': 'Listen to Dreams From a Distance on Spotify. Parasail · Song · 2022.', 'title': 'Dreams From a Distance', 'type': 'rich', 'thumbnail_width': 300, 'height': 152, 'width': 456, 'html': '<iframe class=""embedly-embed"" src=""https://cdn.embedly.com/widgets/media.html?src=https%3A%2F%2Fopen.spotify.com%2Fembed%2Ftrack%2F62FjkBa1UTGst3r4n8cbSR%3Futm_source%3Doembed&display_name=Spotify&url=https%3A%2F%2Fopen.spotify.com%2Ftrack%2F62FjkBa1UTGst3r4n8cbSR&image=https%3A%2F%2Fi.scdn.co%2Fimage%2Fab67616d00001e02b114923f92a6f0bd5899f763&key=2aa3c4d5f3de4f5b9120b660ad850dc9&type=text%2Fhtml&schema=spotify"" width=""456"" height=""152"" scrolling=""no"" title=""Spotify embed"" frameborder=""0"" allow=""autoplay; fullscreen"" allowfullscreen=""true""></iframe>', 'version': '1.0', 'provider_name': 'Spotify', 'thumbnail_url': 'https://i.scdn.co/image/ab67616d00001e02b114923f92a6f0bd5899f763', 'thumbnail_height': 300}}"
75,Buck-O-Nine - Round Kid [Ska/Punk] (1997),Round Kid,2022-12-30,0.5,0,"{'type': 'youtube.com', 'oembed': {'provider_url': 'https://www.youtube.com/', 'version': '1.0', 'title': 'Round Kid', 'type': 'video', 'thumbnail_width': 480, 'height': 200, 'width': 267, 'html': '<iframe width=""267"" height=""200"" src=""https://www.youtube.com/embed/dAzK1Xx6t_c?feature=oembed&enablejsapi=1"" frameborder=""0"" allow=""accelerometer; autoplay; clipboard-write; encrypted-media; gyroscope; picture-in-picture"" allowfullscreen title=""Round Kid""></iframe>', 'author_name': 'Buck-O-Nine - Topic', 'provider_name': 'YouTube', 'thumbnail_url': 'https://i.ytimg.com/vi/dAzK1Xx6t_c/hqdefault.jpg', 'thumbnail_height': 360, 'author_url': 'https://www.youtube.com/channel/UCwUuWtAzATOte-SgxEjTn4w'}}"
76,Jone$ Drippin -- Me Myself & I [Hip-Hop] (2022),Jone$ Drippin - Me Myself & I,2022-12-30,0.6,1,"{'type': 'youtube.com', 'oembed': {'provider_url': 'https://www.youtube.com/', 'version': '1.0', 'title': 'Jone$ Drippin - Me Myself & I', 'type': 'video', 'thumbnail_width': 480, 'height': 200, 'width': 356, 'html': '<iframe width=""356"" height=""200"" src=""https://www.youtube.com/embed/LLQOJWP_b1c?feature=oembed&enablejsapi=1"" frameborder=""0"" allow=""accelerometer; autoplay; clipboard-write; encrypted-media; gyroscope; picture-in-picture"" allowfullscreen title=""Jone$ Drippin - Me Myself &amp; I""></iframe>', 'author_name': 'Jones Drippin', 'provider_name': 'YouTube', 'thumbnail_url': 'https://i.ytimg.com/vi/LLQOJWP_b1c/hqdefault.jpg', 'thumbnail_height': 360, 'author_url': 'https://www.youtube.com/@jonesdrippin6298'}}"
77,Giada - Diamond (Original Mix) [Hardtrance] (2002),Giada - Diamond (Original Mix) [HQ],2022-12-30,0.6,1,"{'type': 'youtube.com', 'oembed': {'provider_url': 'https://www.youtube.com/', 'version': '1.0', 'title': 'Giada - Diamond (Original Mix) [HQ]', 'type': 'video', 'thumbnail_width': 480, 'height': 200, 'width': 356, 'html': '<iframe width=""356"" height=""200"" src=""https://www.youtube.com/embed/HTwgHd-gj6Y?feature=oembed&enablejsapi=1"" frameborder=""0"" allow=""accelerometer; autoplay; clipboard-write; encrypted-media; gyroscope; picture-in-picture"" allowfullscreen title=""Giada - Diamond (Original Mix) [HQ]""></iframe>', 'author_name': 'ConnecteD {Hard Dance Music}', 'provider_name': 'YouTube', 'thumbnail_url': 'https://i.ytimg.com/vi/HTwgHd-gj6Y/hqdefault.jpg', 'thumbnail_height': 360, 'author_url': 'https://www.youtube.com/@connectedharddancemusic3205'}}"
78,Krown Chakra - Cut Off [Hip Hop] (2021),Krown Chakra - CUT OFF [Official Lyric Video],2022-12-30,0.44,0,"{'type': 'youtube.com', 'oembed': {'provider_url': 'https://www.youtube.com/', 'version': '1.0', 'title': 'Krown Chakra - CUT OFF [Official Lyric Video]', 'type': 'video', 'thumbnail_width': 480, 'height': 200, 'width': 356, 'html': '<iframe width=""356"" height=""200"" src=""https://www.youtube.com/embed/OBkLm9yI7HY?feature=oembed&enablejsapi=1"" frameborder=""0"" allow=""accelerometer; autoplay; clipboard-write; encrypted-media; gyroscope; picture-in-picture"" allowfullscreen title=""Krown Chakra - CUT OFF [Official Lyric Video]""></iframe>', 'author_name': 'Krown Chakra Tv', 'provider_name': 'YouTube', 'thumbnail_url': 'https://i.ytimg.com/vi/OBkLm9yI7HY/hqdefault.jpg', 'thumbnail_height': 360, 'author_url': 'https://www.youtube.com/@KROWNCHAKRA'}}"
79,Ducks Ltd. -- Under the Rolling Moon [Indie Rock] (2021),"Ducks Ltd. - ""Under The Rolling Moon"" (Official Video)",2022-12-30,0.85,9,"{'type': 'youtube.com', 'oembed': {'provider_url': 'https://www.youtube.com/', 'version': '1.0', 'title': 'Ducks Ltd. - ""Under The Rolling Moon"" (Official Video)', 'type': 'video', 'thumbnail_width': 480, 'height': 200, 'width': 267, 'html': '<iframe width=""267"" height=""200"" src=""https://www.youtube.com/embed/fkFYJenA620?feature=oembed&enablejsapi=1"" frameborder=""0"" allow=""accelerometer; autoplay; clipboard-write; encrypted-media; gyroscope; picture-in-picture"" allowfullscreen title=""Ducks Ltd. - &quot;Under The Rolling Moon&quot; (Official Video)""></iframe>', 'author_name': 'Carpark Records', 'provider_name': 'YouTube', 'thumbnail_url': 'https://i.ytimg.com/vi/fkFYJenA620/hqdefault.jpg', 'thumbnail_height': 360, 'author_url': 'https://www.youtube.com/@carparkrecords'}}"
80,The Eternal Page – Between Dials of Unending Time [Psychedelic rock] (2022),Between Dials of Unending Time,2022-12-29,0.85,71,"{'type': 'youtube.com', 'oembed': {'provider_url': 'https://www.youtube.com/', 'version': '1.0', 'title': 'Between Dials of Unending Time', 'type': 'video', 'thumbnail_width': 480, 'height': 200, 'width': 267, 'html': '<iframe width=""267"" height=""200"" src=""https://www.youtube.com/embed/3-gBY4-vWbk?feature=oembed&enablejsapi=1"" frameborder=""0"" allow=""accelerometer; autoplay; clipboard-write; encrypted-media; gyroscope; picture-in-picture"" allowfullscreen title=""Between Dials of Unending Time""></iframe>', 'author_name': 'The Eternal Page - Topic', 'provider_name': 'YouTube', 'thumbnail_url': 'https://i.ytimg.com/vi/3-gBY4-vWbk/hqdefault.jpg', 'thumbnail_height': 360, 'author_url': 'https://www.youtube.com/channel/UCWCe69QoqSK6gNfOrsTKndg'}}"
81,Madjo -- Trapdoor in a Wall [Indie / Singer-Songwriter] (2010),Madjo - EPK Trapdoor In a Wall,2022-12-30,0.67,2,"{'type': 'youtube.com', 'oembed': {'provider_url': 'https://www.youtube.com/', 'version': '1.0', 'title': 'Madjo - EPK Trapdoor In a Wall', 'type': 'video', 'thumbnail_width': 480, 'height': 200, 'width': 356, 'html': '<iframe width=""356"" height=""200"" src=""https://www.youtube.com/embed/v-FWjOcCbVI?feature=oembed&enablejsapi=1"" frameborder=""0"" allow=""accelerometer; autoplay; clipboard-write; encrypted-media; gyroscope; picture-in-picture"" allowfullscreen title=""Madjo - EPK Trapdoor In a Wall""></iframe>', 'author_name': 'MadjoOfficiel', 'provider_name': 'YouTube', 'thumbnail_url': 'https://i.ytimg.com/vi/v-FWjOcCbVI/hqdefault.jpg', 'thumbnail_height': 360, 'author_url': 'https://www.youtube.com/@MadjoOfficiel'}}"
82,The Tropicanas -- Piece by Piece [Janglepop/Indie Rock] (2022),The Tropicanas - Piece by Piece,2022-12-30,0.78,12,"{'type': 'youtube.com', 'oembed': {'provider_url': 'https://www.youtube.com/', 'version': '1.0', 'title': 'The Tropicanas - Piece by Piece', 'type': 'video', 'thumbnail_width': 480, 'height': 200, 'width': 356, 'html': '<iframe width=""356"" height=""200"" src=""https://www.youtube.com/embed/6Grl2wMHG8s?feature=oembed&enablejsapi=1"" frameborder=""0"" allow=""accelerometer; autoplay; clipboard-write; encrypted-media; gyroscope; picture-in-picture"" allowfullscreen title=""The Tropicanas - Piece by Piece""></iframe>', 'author_name': 'The Tropicanas', 'provider_name': 'YouTube', 'thumbnail_url': 'https://i.ytimg.com/vi/6Grl2wMHG8s/hqdefault.jpg', 'thumbnail_height': 360, 'author_url': 'https://www.youtube.com/@thetropicanas530'}}"
83,Dwellings - Lemonade [Alternative/Indie/HeavyPopRock] (2018),DWELLINGS - Lemonade (Official Stream),2022-12-29,0.8,18,"{'type': 'youtube.com', 'oembed': {'provider_url': 'https://www.youtube.com/', 'version': '1.0', 'title': 'DWELLINGS - Lemonade (Official Stream)', 'type': 'video', 'thumbnail_width': 480, 'height': 200, 'width': 356, 'html': '<iframe width=""356"" height=""200"" src=""https://www.youtube.com/embed/A2UCQLnjWqo?feature=oembed&enablejsapi=1"" frameborder=""0"" allow=""accelerometer; autoplay; clipboard-write; encrypted-media; gyroscope; picture-in-picture"" allowfullscreen title=""DWELLINGS - Lemonade (Official Stream)""></iframe>', 'author_name': 'Tragic Hero Records', 'provider_name': 'YouTube', 'thumbnail_url': 'https://i.ytimg.com/vi/A2UCQLnjWqo/hqdefault.jpg', 'thumbnail_height': 360, 'author_url': 'https://www.youtube.com/@TragicHeroRecords'}}"
84,FLIPPENDO ! — Space Cartel [chiptune] (2022),FLIPPENDO !   Space Cartel (CHIPTUNE / CBRPNK / GAME BOY),2022-12-29,0.93,403,"{'type': 'youtube.com', 'oembed': {'provider_url': 'https://www.youtube.com/', 'version': '1.0', 'title': 'FLIPPENDO !   Space Cartel (CHIPTUNE / CBRPNK / GAME BOY)', 'type': 'video', 'thumbnail_width': 480, 'height': 200, 'width': 356, 'html': '<iframe width=""356"" height=""200"" src=""https://www.youtube.com/embed/_bfzAr7m5CM?feature=oembed&enablejsapi=1"" frameborder=""0"" allow=""accelerometer; autoplay; clipboard-write; encrypted-media; gyroscope; picture-in-picture"" allowfullscreen title=""FLIPPENDO !   Space Cartel (CHIPTUNE / CBRPNK / GAME BOY)""></iframe>', 'author_name': 'FLIPPENDO !', 'provider_name': 'YouTube', 'thumbnail_url': 'https://i.ytimg.com/vi/_bfzAr7m5CM/hqdefault.jpg', 'thumbnail_height': 360, 'author_url': 'https://www.youtube.com/@flippendo_chiptune'}}"
85,Andy Pickett -- Floral [R&B Soul Indie] (2017),Andy Pickett - Floral,2022-12-30,0.78,5,"{'type': 'youtube.com', 'oembed': {'provider_url': 'https://www.youtube.com/', 'version': '1.0', 'title': 'Andy Pickett - Floral', 'type': 'video', 'thumbnail_width': 480, 'height': 200, 'width': 267, 'html': '<iframe width=""267"" height=""200"" src=""https://www.youtube.com/embed/ew9SSc8YCQM?feature=oembed&enablejsapi=1"" frameborder=""0"" allow=""accelerometer; autoplay; clipboard-write; encrypted-media; gyroscope; picture-in-picture"" allowfullscreen title=""Andy Pickett - Floral""></iframe>', 'author_name': 'White Denim', 'provider_name': 'YouTube', 'thumbnail_url': 'https://i.ytimg.com/vi/ew9SSc8YCQM/hqdefault.jpg', 'thumbnail_height': 360, 'author_url': 'https://www.youtube.com/@whitedenim'}}"
86,Satronic - División Celular (Sesión en vivo) [Alternative rock] (2022),División Celular (Sesión en vivo) - video,2022-12-30,0.66,5,"{'type': 'youtube.com', 'oembed': {'provider_url': 'https://www.youtube.com/', 'version': '1.0', 'title': 'División Celular (Sesión en vivo) - video', 'type': 'video', 'thumbnail_width': 480, 'height': 200, 'width': 356, 'html': '<iframe width=""356"" height=""200"" src=""https://www.youtube.com/embed/zLb_ZwhccW0?feature=oembed&enablejsapi=1"" frameborder=""0"" allow=""accelerometer; autoplay; clipboard-write; encrypted-media; gyroscope; picture-in-picture"" allowfullscreen title=""División Celular (Sesión en vivo) - video""></iframe>', 'author_name': 'Satronic', 'provider_name': 'YouTube', 'thumbnail_url': 'https://i.ytimg.com/vi/zLb_ZwhccW0/hqdefault.jpg', 'thumbnail_height': 360, 'author_url': 'https://www.youtube.com/@satronic'}}"
87,Tika And The Dissidents — Polpot [tango? waltz? Satire?](2009),Tika And The Dissidents — Polpot,2022-12-30,0.56,1,"{'type': 'youtube.com', 'oembed': {'provider_url': 'https://www.youtube.com/', 'version': '1.0', 'title': 'Tika And The Dissidents — Polpot', 'type': 'video', 'thumbnail_width': 480, 'height': 200, 'width': 356, 'html': '<iframe width=""356"" height=""200"" src=""https://www.youtube.com/embed/IXJxYd_mX7M?list=PLva4cde4lfvmfJg_fHI0WPMxNF37T61s4"" frameborder=""0"" allow=""accelerometer; autoplay; clipboard-write; encrypted-media; gyroscope; picture-in-picture"" allowfullscreen></iframe>', 'author_name': 'The Duniawi', 'provider_name': 'YouTube', 'thumbnail_url': 'https://i.ytimg.com/vi/IXJxYd_mX7M/hqdefault.jpg', 'thumbnail_height': 360, 'author_url': 'https://www.youtube.com/@TheDuniawi'}}"
88,Robert -- Porridge [Hip Hop] (2022),Robert - Porridge Ft Rag N Bone Man (Official Video),2022-12-30,0.43,0,"{'type': 'youtube.com', 'oembed': {'provider_url': 'https://www.youtube.com/', 'version': '1.0', 'title': 'Robert - Porridge Ft Rag N Bone Man (Official Video)', 'type': 'video', 'thumbnail_width': 480, 'height': 200, 'width': 356, 'html': '<iframe width=""356"" height=""200"" src=""https://www.youtube.com/embed/sKPe58YVRSY?feature=oembed&enablejsapi=1"" frameborder=""0"" allow=""accelerometer; autoplay; clipboard-write; encrypted-media; gyroscope; picture-in-picture"" allowfullscreen title=""Robert - Porridge Ft Rag N Bone Man (Official Video)""></iframe>', 'author_name': 'Antelope Records', 'provider_name': 'YouTube', 'thumbnail_url': 'https://i.ytimg.com/vi/sKPe58YVRSY/hqdefault.jpg', 'thumbnail_height': 360, 'author_url': 'https://www.youtube.com/@anteloperecords1857'}}"
89,Dimitri — Shell [Post Grunge] (2014),Shell,2022-12-30,0.64,4,"{'type': 'youtube.com', 'oembed': {'provider_url': 'https://www.youtube.com/', 'version': '1.0', 'title': 'Shell', 'type': 'video', 'thumbnail_width': 480, 'height': 200, 'width': 356, 'html': '<iframe width=""356"" height=""200"" src=""https://www.youtube.com/embed/OIdLrlDel3E?feature=oembed&enablejsapi=1"" frameborder=""0"" allow=""accelerometer; autoplay; clipboard-write; encrypted-media; gyroscope; picture-in-picture"" allowfullscreen title=""Shell""></iframe>', 'author_name': 'Dimitri De Alencar 2', 'provider_name': 'YouTube', 'thumbnail_url': 'https://i.ytimg.com/vi/OIdLrlDel3E/hqdefault.jpg', 'thumbnail_height': 360, 'author_url': 'https://www.youtube.com/@dimitridealencar2790'}}"
90,Margaritas Podridas -- Pétalos Mordidos [Post Punk/Neo-Psychedelic/Alt Rock](2020),Margaritas Podridas - Pétalos Mordidos,2022-12-29,0.76,16,"{'type': 'youtube.com', 'oembed': {'provider_url': 'https://www.youtube.com/', 'version': '1.0', 'title': 'Margaritas Podridas - Pétalos Mordidos', 'type': 'video', 'thumbnail_width': 480, 'height': 200, 'width': 267, 'html': '<iframe width=""267"" height=""200"" src=""https://www.youtube.com/embed/poQ4fRxzSRA?feature=oembed&enablejsapi=1"" frameborder=""0"" allow=""accelerometer; autoplay; clipboard-write; encrypted-media; gyroscope; picture-in-picture"" allowfullscreen title=""Margaritas Podridas - Pétalos Mordidos""></iframe>', 'author_name': 'Margaritas Podridas', 'provider_name': 'YouTube', 'thumbnail_url': 'https://i.ytimg.com/vi/poQ4fRxzSRA/hqdefault.jpg', 'thumbnail_height': 360, 'author_url': 'https://www.youtube.com/@MargaritasPodridas'}}"
91,A Tribunal -- The Tremor Sense [Germany Darkwave] (1985),A Tribunal - The Tremor Sense (Full Cassette)(Germany Darkwave 198?),2022-12-30,0.67,2,"{'type': 'youtube.com', 'oembed': {'provider_url': 'https://www.youtube.com/', 'version': '1.0', 'title': 'A Tribunal - The Tremor Sense (Full Cassette)(Germany Darkwave 198?)', 'type': 'video', 'thumbnail_width': 480, 'height': 200, 'width': 356, 'html': '<iframe width=""356"" height=""200"" src=""https://www.youtube.com/embed/7HNpQ85MdD0?feature=oembed&enablejsapi=1"" frameborder=""0"" allow=""accelerometer; autoplay; clipboard-write; encrypted-media; gyroscope; picture-in-picture"" allowfullscreen title=""A Tribunal - The Tremor Sense (Full Cassette)(Germany Darkwave 198?)""></iframe>', 'author_name': '2heshd', 'provider_name': 'YouTube', 'thumbnail_url': 'https://i.ytimg.com/vi/7HNpQ85MdD0/hqdefault.jpg', 'thumbnail_height': 360, 'author_url': 'https://www.youtube.com/@2heshd'}}"
92,TSOT - Robotic Renaissance [Ambient Classical] (2022),Robotic Renaissance,2022-12-29,0.7,4,"{'type': 'youtube.com', 'oembed': {'provider_url': 'https://www.youtube.com/', 'version': '1.0', 'title': 'Robotic Renaissance', 'type': 'video', 'thumbnail_width': 480, 'height': 200, 'width': 356, 'html': '<iframe width=""356"" height=""200"" src=""https://www.youtube.com/embed/hJjqOCc8hbU?feature=oembed&enablejsapi=1"" frameborder=""0"" allow=""accelerometer; autoplay; clipboard-write; encrypted-media; gyroscope; picture-in-picture"" allowfullscreen title=""Robotic Renaissance""></iframe>', 'author_name': 'The Sound of Tomorrow', 'provider_name': 'YouTube', 'thumbnail_url': 'https://i.ytimg.com/vi/hJjqOCc8hbU/hqdefault.jpg', 'thumbnail_height': 360, 'author_url': 'https://www.youtube.com/@thesoundoftomo'}}"
93,Sandy Nelson - Teen Beat [Surf Rock] (1960),Teen Beat,2022-12-29,0.75,6,"{'type': 'youtube.com', 'oembed': {'provider_url': 'https://www.youtube.com/', 'version': '1.0', 'title': 'Teen Beat', 'type': 'video', 'thumbnail_width': 480, 'height': 200, 'width': 267, 'html': '<iframe width=""267"" height=""200"" src=""https://www.youtube.com/embed/Uy_t4nQ9xMo?feature=oembed&enablejsapi=1"" frameborder=""0"" allow=""accelerometer; autoplay; clipboard-write; encrypted-media; gyroscope; picture-in-picture"" allowfullscreen title=""Teen Beat""></iframe>', 'author_name': 'Sandy Nelson - Topic', 'provider_name': 'YouTube', 'thumbnail_url': 'https://i.ytimg.com/vi/Uy_t4nQ9xMo/hqdefault.jpg', 'thumbnail_height': 360, 'author_url': 'https://www.youtube.com/channel/UC1yb9WHNcJ5zSpbhIqwL0fA'}}"
94,"Avon Cities - Fuse Blues [UK, Jazz/Funk](1977)","Avon Cities - Fuse Blues [UK, Jazz/Funk](1977)",2022-12-29,0.75,4,"{'type': 'youtube.com', 'oembed': {'provider_url': 'https://www.youtube.com/', 'version': '1.0', 'title': 'Avon Cities - Fuse Blues [UK, Jazz/Funk](1977)', 'type': 'video', 'thumbnail_width': 480, 'height': 200, 'width': 356, 'html': '<iframe width=""356"" height=""200"" src=""https://www.youtube.com/embed/LneGwxwN1fk?feature=oembed&enablejsapi=1"" frameborder=""0"" allow=""accelerometer; autoplay; clipboard-write; encrypted-media; gyroscope; picture-in-picture"" allowfullscreen title=""Avon Cities - Fuse Blues [UK, Jazz/Funk](1977)""></iframe>', 'author_name': 'BaronRodriguez3000', 'provider_name': 'YouTube', 'thumbnail_url': 'https://i.ytimg.com/vi/LneGwxwN1fk/hqdefault.jpg', 'thumbnail_height': 360, 'author_url': 'https://www.youtube.com/@nealcooper3000'}}"
95,Super Adventure Club -- Turns Out My Brain WAS My Other Brain [Math Rock] (2013),Super Adventure Club - Turns Out My Brain WAS My Other Brain,2022-12-29,0.77,11,"{'type': 'youtube.com', 'oembed': {'provider_url': 'https://www.youtube.com/', 'version': '1.0', 'title': 'Super Adventure Club - Turns Out My Brain WAS My Other Brain', 'type': 'video', 'thumbnail_width': 480, 'height': 200, 'width': 356, 'html': '<iframe width=""356"" height=""200"" src=""https://www.youtube.com/embed/1aSMKqx04HU?feature=oembed&enablejsapi=1"" frameborder=""0"" allow=""accelerometer; autoplay; clipboard-write; encrypted-media; gyroscope; picture-in-picture"" allowfullscreen title=""Super Adventure Club - Turns Out My Brain WAS My Other Brain""></iframe>', 'author_name': 'Michael MacLennan', 'provider_name': 'YouTube', 'thumbnail_url': 'https://i.ytimg.com/vi/1aSMKqx04HU/hqdefault.jpg', 'thumbnail_height': 360, 'author_url': 'https://www.youtube.com/@MichaelMacLennan'}}"
96,Offentlig Sektor — Lønnstrinn 43 [Indie Rock] (2021),LØNNSTRINN 43,2022-12-29,0.56,2,"{'type': 'youtube.com', 'oembed': {'provider_url': 'https://www.youtube.com/', 'version': '1.0', 'title': 'LØNNSTRINN 43', 'type': 'video', 'thumbnail_width': 480, 'height': 200, 'width': 356, 'html': '<iframe width=""356"" height=""200"" src=""https://www.youtube.com/embed/vOYVd0zNWCU?feature=oembed&enablejsapi=1"" frameborder=""0"" allow=""accelerometer; autoplay; clipboard-write; encrypted-media; gyroscope; picture-in-picture"" allowfullscreen title=""LØNNSTRINN 43""></iframe>', 'author_name': 'Offentlig Sektor', 'provider_name': 'YouTube', 'thumbnail_url': 'https://i.ytimg.com/vi/vOYVd0zNWCU/hqdefault.jpg', 'thumbnail_height': 360, 'author_url': 'https://www.youtube.com/@offentligsektor8954'}}"
97,Yaeger - Water Pistol [EDM] (2022),Yaeger - Water Pistol (Official Visualizer),2022-12-29,0.64,3,"{'type': 'youtube.com', 'oembed': {'provider_url': 'https://www.youtube.com/', 'version': '1.0', 'title': 'Yaeger - Water Pistol (Official Visualizer)', 'type': 'video', 'thumbnail_width': 480, 'height': 200, 'width': 356, 'html': '<iframe width=""356"" height=""200"" src=""https://www.youtube.com/embed/Zl0hGbI_sLo?feature=oembed&enablejsapi=1"" frameborder=""0"" allow=""accelerometer; autoplay; clipboard-write; encrypted-media; gyroscope; picture-in-picture"" allowfullscreen title=""Yaeger - Water Pistol (Official Visualizer)""></iframe>', 'author_name': 'Yaeger', 'provider_name': 'YouTube', 'thumbnail_url': 'https://i.ytimg.com/vi/Zl0hGbI_sLo/hqdefault.jpg', 'thumbnail_height': 360, 'author_url': 'https://www.youtube.com/@yaeger8302'}}"
98,Dictator -- Fin [Indie Rock] (2022),Dictator - Fin. ( Official Music Video),2022-12-29,0.78,27,"{'type': 'youtube.com', 'oembed': {'provider_url': 'https://www.youtube.com/', 'version': '1.0', 'title': 'Dictator - Fin. ( Official Music Video)', 'type': 'video', 'thumbnail_width': 480, 'height': 200, 'width': 356, 'html': '<iframe width=""356"" height=""200"" src=""https://www.youtube.com/embed/iF4iutUOO_E?feature=oembed&enablejsapi=1"" frameborder=""0"" allow=""accelerometer; autoplay; clipboard-write; encrypted-media; gyroscope; picture-in-picture"" allowfullscreen title=""Dictator - Fin. ( Official Music Video)""></iframe>', 'author_name': 'Dictator ', 'provider_name': 'YouTube', 'thumbnail_url': 'https://i.ytimg.com/vi/iF4iutUOO_E/hqdefault.jpg', 'thumbnail_height': 360, 'author_url': 'https://www.youtube.com/@DictatorBand'}}"
99,Nightbass DJ Team - Some Bass (Pro-ject Remix) [Hardtrance] (2002),Some Bass (Pro-ject Remix),2022-12-28,0.86,89,"{'type': 'youtube.com', 'oembed': {'provider_url': 'https://www.youtube.com/', 'version': '1.0', 'title': 'Some Bass (Pro-ject Remix)', 'type': 'video', 'thumbnail_width': 480, 'height': 200, 'width': 267, 'html': '<iframe width=""267"" height=""200"" src=""https://www.youtube.com/embed/BbCwlDBWhO0?feature=oembed&enablejsapi=1"" frameborder=""0"" allow=""accelerometer; autoplay; clipboard-write; encrypted-media; gyroscope; picture-in-picture"" allowfullscreen title=""Some Bass (Pro-ject Remix)""></iframe>', 'author_name': 'Night Bass DJ Team - Topic', 'provider_name': 'YouTube', 'thumbnail_url': 'https://i.ytimg.com/vi/BbCwlDBWhO0/hqdefault.jpg', 'thumbnail_height': 360, 'author_url': 'https://www.youtube.com/channel/UCYBr2v2Elbjm8jczN2yzoMQ'}}"
100,Barbe Rousse -- Elephants Don't Suddenly Disappear [Alternative Indie Rock] (2017),Barbe Rousse - Elephants Don't Suddenly Disappear,2022-12-29,0.66,4,"{'type': 'youtube.com', 'oembed': {'provider_url': 'https://www.youtube.com/', 'version': '1.0', 'title': ""Barbe Rousse - Elephants Don't Suddenly Disappear"", 'type': 'video', 'thumbnail_width': 480, 'height': 200, 'width': 356, 'html': '<iframe width=""356"" height=""200"" src=""https://www.youtube.com/embed/OD5rzb3orzk?feature=oembed&enablejsapi=1"" frameborder=""0"" allow=""accelerometer; autoplay; clipboard-write; encrypted-media; gyroscope; picture-in-picture"" allowfullscreen title=""Barbe Rousse - Elephants Don&#39;t Suddenly Disappear""></iframe>', 'author_name': 'Double A-Side Records', 'provider_name': 'YouTube', 'thumbnail_url': 'https://i.ytimg.com/vi/OD5rzb3orzk/hqdefault.jpg', 'thumbnail_height': 360, 'author_url': 'https://www.youtube.com/@doublea-siderecords9502'}}"
101,Polygons - 1994 [Jungle] (2022),1994 (Warped Tape Edition),2022-12-29,0.77,16,"{'type': 'youtube.com', 'oembed': {'provider_url': 'https://www.youtube.com/', 'version': '1.0', 'title': '1994 (Warped Tape Edition)', 'type': 'video', 'thumbnail_width': 480, 'height': 200, 'width': 267, 'html': '<iframe width=""267"" height=""200"" src=""https://www.youtube.com/embed/gQS0ahVH7Wo?feature=oembed&enablejsapi=1"" frameborder=""0"" allow=""accelerometer; autoplay; clipboard-write; encrypted-media; gyroscope; picture-in-picture"" allowfullscreen title=""1994 (Warped Tape Edition)""></iframe>', 'author_name': 'Polygons - Topic', 'provider_name': 'YouTube', 'thumbnail_url': 'https://i.ytimg.com/vi/gQS0ahVH7Wo/hqdefault.jpg', 'thumbnail_height': 360, 'author_url': 'https://www.youtube.com/channel/UCPhw4Hw_Xm43KSjURS0LjNw'}}"
102,Elly Space - 2122 [Synth pop] (2022),Elly Space - 2122 [Official Music Video],2022-12-29,0.27,0,"{'type': 'youtube.com', 'oembed': {'provider_url': 'https://www.youtube.com/', 'version': '1.0', 'title': 'Elly Space - 2122 [Official Music Video]', 'type': 'video', 'thumbnail_width': 480, 'height': 200, 'width': 356, 'html': '<iframe width=""356"" height=""200"" src=""https://www.youtube.com/embed/Bg_gQSa2UhI?feature=oembed&enablejsapi=1"" frameborder=""0"" allow=""accelerometer; autoplay; clipboard-write; encrypted-media; gyroscope; picture-in-picture"" allowfullscreen title=""Elly Space - 2122 [Official Music Video]""></iframe>', 'author_name': 'Elly Space', 'provider_name': 'YouTube', 'thumbnail_url': 'https://i.ytimg.com/vi/Bg_gQSa2UhI/hqdefault.jpg', 'thumbnail_height': 360, 'author_url': 'https://www.youtube.com/@EllySpace'}}"
103,Alfa -- Take Me Home [pop] (2017),Take Me Home - Alfa (Original Music Video),2022-12-29,0.56,1,"{'type': 'youtube.com', 'oembed': {'provider_url': 'https://www.youtube.com/', 'version': '1.0', 'title': 'Take Me Home - Alfa (Original Music Video)', 'type': 'video', 'thumbnail_width': 480, 'height': 200, 'width': 356, 'html': '<iframe width=""356"" height=""200"" src=""https://www.youtube.com/embed/4nog_WiArrI?feature=oembed&enablejsapi=1"" frameborder=""0"" allow=""accelerometer; autoplay; clipboard-write; encrypted-media; gyroscope; picture-in-picture"" allowfullscreen title=""Take Me Home - Alfa (Original Music Video)""></iframe>', 'author_name': 'alfamusic', 'provider_name': 'YouTube', 'thumbnail_url': 'https://i.ytimg.com/vi/4nog_WiArrI/hqdefault.jpg', 'thumbnail_height': 360, 'author_url': 'https://www.youtube.com/@alfamusic'}}"
104,Saigon Kick - Torture [Hard Rock] (1993),Saigon Kick - Torture,2022-12-28,0.84,22,"{'type': 'youtube.com', 'oembed': {'provider_url': 'https://www.youtube.com/', 'version': '1.0', 'title': 'Saigon Kick - Torture', 'type': 'video', 'thumbnail_width': 480, 'height': 200, 'width': 267, 'html': '<iframe width=""267"" height=""200"" src=""https://www.youtube.com/embed/xZpClDiabEY?feature=oembed&enablejsapi=1"" frameborder=""0"" allow=""accelerometer; autoplay; clipboard-write; encrypted-media; gyroscope; picture-in-picture"" allowfullscreen title=""Saigon Kick - Torture""></iframe>', 'author_name': 'E B', 'provider_name': 'YouTube', 'thumbnail_url': 'https://i.ytimg.com/vi/xZpClDiabEY/hqdefault.jpg', 'thumbnail_height': 360, 'author_url': 'https://www.youtube.com/@natichedepilate'}}"
105,Iris Kymm - Untitled [singer-songwriter] (2022),Untitled,2022-12-28,0.75,13,"{'type': 'youtube.com', 'oembed': {'provider_url': 'https://www.youtube.com/', 'version': '1.0', 'title': 'Untitled', 'type': 'video', 'thumbnail_width': 480, 'height': 200, 'width': 267, 'html': '<iframe width=""267"" height=""200"" src=""https://www.youtube.com/embed/RPcvM7a5CeI?feature=oembed&enablejsapi=1"" frameborder=""0"" allow=""accelerometer; autoplay; clipboard-write; encrypted-media; gyroscope; picture-in-picture"" allowfullscreen title=""Untitled""></iframe>', 'author_name': 'Iris Kymm - Topic', 'provider_name': 'YouTube', 'thumbnail_url': 'https://i.ytimg.com/vi/RPcvM7a5CeI/hqdefault.jpg', 'thumbnail_height': 360, 'author_url': 'https://www.youtube.com/channel/UCN1RjUs7exufKWkkl3Bn6Sg'}}"
106,Dabeull - glitter fonk [NU FUNK / FUNK] (2022),Glitter Fonk,2022-12-28,0.8,36,"{'type': 'youtube.com', 'oembed': {'provider_url': 'https://www.youtube.com/', 'version': '1.0', 'title': 'Glitter Fonk', 'type': 'video', 'thumbnail_width': 480, 'height': 200, 'width': 267, 'html': '<iframe width=""267"" height=""200"" src=""https://www.youtube.com/embed/55CCmVTk7ko?feature=oembed&enablejsapi=1"" frameborder=""0"" allow=""accelerometer; autoplay; clipboard-write; encrypted-media; gyroscope; picture-in-picture"" allowfullscreen title=""Glitter Fonk""></iframe>', 'author_name': 'Dabeull - Topic', 'provider_name': 'YouTube', 'thumbnail_url': 'https://i.ytimg.com/vi/55CCmVTk7ko/hqdefault.jpg', 'thumbnail_height': 360, 'author_url': 'https://www.youtube.com/channel/UCGx87dJIVCj0qDol9wNPuyA'}}"
107,Target Demographic -- Dreaming About You [House] (2021),Dreaming About You - Music Video,2022-12-29,0.57,2,"{'type': 'youtube.com', 'oembed': {'provider_url': 'https://www.youtube.com/', 'version': '1.0', 'title': 'Dreaming About You - Music Video', 'type': 'video', 'thumbnail_width': 480, 'height': 200, 'width': 356, 'html': '<iframe width=""356"" height=""200"" src=""https://www.youtube.com/embed/S3TpU_6JmpE?feature=oembed&enablejsapi=1"" frameborder=""0"" allow=""accelerometer; autoplay; clipboard-write; encrypted-media; gyroscope; picture-in-picture"" allowfullscreen title=""Dreaming About You - Music Video""></iframe>', 'author_name': 'Target Demographic', 'provider_name': 'YouTube', 'thumbnail_url': 'https://i.ytimg.com/vi/S3TpU_6JmpE/hqdefault.jpg', 'thumbnail_height': 360, 'author_url': 'https://www.youtube.com/@targetdemographic8302'}}"
108,Vanbur - Last Look [Indie Folk / Alternative / Unsure] (2022),Last Look,2022-12-29,0.67,3,"{'type': 'youtube.com', 'oembed': {'provider_url': 'https://www.youtube.com/', 'version': '1.0', 'title': 'Last Look', 'type': 'video', 'thumbnail_width': 480, 'height': 200, 'width': 267, 'html': '<iframe width=""267"" height=""200"" src=""https://www.youtube.com/embed/ElXDpdR7lrU?feature=oembed&enablejsapi=1"" frameborder=""0"" allow=""accelerometer; autoplay; clipboard-write; encrypted-media; gyroscope; picture-in-picture"" allowfullscreen title=""Last Look""></iframe>', 'author_name': 'Vanbur - Topic', 'provider_name': 'YouTube', 'thumbnail_url': 'https://i.ytimg.com/vi/ElXDpdR7lrU/hqdefault.jpg', 'thumbnail_height': 360, 'author_url': 'https://www.youtube.com/channel/UC6pH9cvYwllPdbVDClj449g'}}"
109,Blue Sky Boys - - On the Banks of the Ohio [bluegrass] (1936),On the Banks of the Ohio,2022-12-28,0.87,106,"{'type': 'youtube.com', 'oembed': {'provider_url': 'https://www.youtube.com/', 'version': '1.0', 'title': 'On the Banks of the Ohio', 'type': 'video', 'thumbnail_width': 480, 'height': 200, 'width': 267, 'html': '<iframe width=""267"" height=""200"" src=""https://www.youtube.com/embed/N9jhkGhggAQ?feature=oembed&enablejsapi=1"" frameborder=""0"" allow=""accelerometer; autoplay; clipboard-write; encrypted-media; gyroscope; picture-in-picture"" allowfullscreen title=""On the Banks of the Ohio""></iframe>', 'author_name': 'The Blue Sky Boys - Topic', 'provider_name': 'YouTube', 'thumbnail_url': 'https://i.ytimg.com/vi/N9jhkGhggAQ/hqdefault.jpg', 'thumbnail_height': 360, 'author_url': 'https://www.youtube.com/channel/UCz59qHnINhPtv75p7Ul7hWg'}}"
110,"JFDR -- White Sun, live on kexp [electronic / indie / low fi] (2016)",JFDR - White Sun (Live on KEXP),2022-12-27,0.92,297,"{'type': 'youtube.com', 'oembed': {'provider_url': 'https://www.youtube.com/', 'version': '1.0', 'title': 'JFDR - White Sun (Live on KEXP)', 'type': 'video', 'thumbnail_width': 480, 'height': 200, 'width': 356, 'html': '<iframe width=""356"" height=""200"" src=""https://www.youtube.com/embed/DXluz_6sewE?feature=oembed&enablejsapi=1"" frameborder=""0"" allow=""accelerometer; autoplay; clipboard-write; encrypted-media; gyroscope; picture-in-picture"" allowfullscreen title=""JFDR - White Sun (Live on KEXP)""></iframe>', 'author_name': 'KEXP', 'provider_name': 'YouTube', 'thumbnail_url': 'https://i.ytimg.com/vi/DXluz_6sewE/hqdefault.jpg', 'thumbnail_height': 360, 'author_url': 'https://www.youtube.com/@kexp'}}"
111,Castle Club - Foretold Return [Heavy Psych] (2022),The Foretold Return,2022-12-28,0.73,8,"{'type': 'youtube.com', 'oembed': {'provider_url': 'https://www.youtube.com/', 'version': '1.0', 'title': 'The Foretold Return', 'type': 'video', 'thumbnail_width': 480, 'height': 200, 'width': 267, 'html': '<iframe width=""267"" height=""200"" src=""https://www.youtube.com/embed/yZ-ZwCGpwcI?feature=oembed&enablejsapi=1"" frameborder=""0"" allow=""accelerometer; autoplay; clipboard-write; encrypted-media; gyroscope; picture-in-picture"" allowfullscreen title=""The Foretold Return""></iframe>', 'author_name': 'Castle Club - Topic', 'provider_name': 'YouTube', 'thumbnail_url': 'https://i.ytimg.com/vi/yZ-ZwCGpwcI/hqdefault.jpg', 'thumbnail_height': 360, 'author_url': 'https://www.youtube.com/channel/UCddtfV7TsYcVpfvP5EiAv8A'}}"
112,Malicious Voices - Arrival of the Fittest [Synthwave] (2022),Arrival of the Fittest,2022-12-28,0.75,9,"{'type': 'youtube.com', 'oembed': {'provider_url': 'https://www.youtube.com/', 'version': '1.0', 'title': 'Arrival of the Fittest', 'type': 'video', 'thumbnail_width': 480, 'height': 200, 'width': 267, 'html': '<iframe width=""267"" height=""200"" src=""https://www.youtube.com/embed/UEUQSojhjLA?feature=oembed&enablejsapi=1"" frameborder=""0"" allow=""accelerometer; autoplay; clipboard-write; encrypted-media; gyroscope; picture-in-picture"" allowfullscreen title=""Arrival of the Fittest""></iframe>', 'author_name': 'Malicious Voices - Topic', 'provider_name': 'YouTube', 'thumbnail_url': 'https://i.ytimg.com/vi/UEUQSojhjLA/hqdefault.jpg', 'thumbnail_height': 360, 'author_url': 'https://www.youtube.com/channel/UCbTlGs8SrAuRpGxNfaWFKdQ'}}"
113,speakerhug -- glassheart [Shoegaze] (2022),glassheart,2022-12-29,0.6,2,"{'type': 'youtube.com', 'oembed': {'provider_url': 'https://www.youtube.com/', 'version': '1.0', 'title': 'glassheart', 'type': 'video', 'thumbnail_width': 480, 'height': 200, 'width': 267, 'html': '<iframe width=""267"" height=""200"" src=""https://www.youtube.com/embed/MoB-xauyozE?feature=oembed&enablejsapi=1"" frameborder=""0"" allow=""accelerometer; autoplay; clipboard-write; encrypted-media; gyroscope; picture-in-picture"" allowfullscreen title=""glassheart""></iframe>', 'author_name': 'speakerhug - Topic', 'provider_name': 'YouTube', 'thumbnail_url': 'https://i.ytimg.com/vi/MoB-xauyozE/hqdefault.jpg', 'thumbnail_height': 360, 'author_url': 'https://www.youtube.com/channel/UCyhvsdiPq5OPZRLeNbg8ouw'}}"
114,M'elle Louise - Convergence [Chillstep Remix by Sundt] (2022),M'elle Louise - Convergence (Sundt Remix),2022-12-28,0.63,4,"{'type': 'youtube.com', 'oembed': {'provider_url': 'https://www.youtube.com/', 'version': '1.0', 'title': ""M'elle Louise - Convergence (Sundt Remix)"", 'type': 'video', 'thumbnail_width': 480, 'height': 200, 'width': 356, 'html': '<iframe width=""356"" height=""200"" src=""https://www.youtube.com/embed/KrIfgbbiGbA?feature=oembed&enablejsapi=1"" frameborder=""0"" allow=""accelerometer; autoplay; clipboard-write; encrypted-media; gyroscope; picture-in-picture"" allowfullscreen title=""M&#39;elle Louise - Convergence (Sundt Remix)""></iframe>', 'author_name': 'SUNDT', 'provider_name': 'YouTube', 'thumbnail_url': 'https://i.ytimg.com/vi/KrIfgbbiGbA/hqdefault.jpg', 'thumbnail_height': 360, 'author_url': 'https://www.youtube.com/@sundtmusic'}}"
115,Sons of Raphael - A Nation of Bloodsuckers [Alternative Rock / Indie] (2018),Sons of Raphael | A Nation of Bloodsuckers,2022-12-28,0.73,6,"{'type': 'youtube.com', 'oembed': {'provider_url': 'https://www.youtube.com/', 'version': '1.0', 'title': 'Sons of Raphael | A Nation of Bloodsuckers', 'type': 'video', 'thumbnail_width': 480, 'height': 200, 'width': 356, 'html': '<iframe width=""356"" height=""200"" src=""https://www.youtube.com/embed/1a2DACk0QHw?feature=oembed&enablejsapi=1"" frameborder=""0"" allow=""accelerometer; autoplay; clipboard-write; encrypted-media; gyroscope; picture-in-picture"" allowfullscreen title=""Sons of Raphael | A Nation of Bloodsuckers""></iframe>', 'author_name': 'Sons of Raphael', 'provider_name': 'YouTube', 'thumbnail_url': 'https://i.ytimg.com/vi/1a2DACk0QHw/hqdefault.jpg', 'thumbnail_height': 360, 'author_url': 'https://www.youtube.com/@SonsofRaphael'}}"
116,Crash Course In Science -- No More Hollow Doors [Post-Punk] (1982),Crash Course In Science - No More Hollow Doors,2022-12-28,0.7,8,"{'type': 'youtube.com', 'oembed': {'provider_url': 'https://www.youtube.com/', 'version': '1.0', 'title': 'Crash Course In Science - No More Hollow Doors', 'type': 'video', 'thumbnail_width': 480, 'height': 200, 'width': 267, 'html': '<iframe width=""267"" height=""200"" src=""https://www.youtube.com/embed/jMOvddgvctk?feature=oembed&enablejsapi=1"" frameborder=""0"" allow=""accelerometer; autoplay; clipboard-write; encrypted-media; gyroscope; picture-in-picture"" allowfullscreen title=""Crash Course In Science - No More Hollow Doors""></iframe>', 'author_name': 'WhackaWhacka', 'provider_name': 'YouTube', 'thumbnail_url': 'https://i.ytimg.com/vi/jMOvddgvctk/hqdefault.jpg', 'thumbnail_height': 360, 'author_url': 'https://www.youtube.com/@WhackaWhacka'}}"
117,Elkhorn -- 1919 [Alt Folk/Psyche Rock] (2022),1919,2022-12-28,0.76,11,"{'type': 'youtube.com', 'oembed': {'provider_url': 'https://www.youtube.com/', 'version': '1.0', 'title': '1919', 'type': 'video', 'thumbnail_width': 480, 'height': 200, 'width': 267, 'html': '<iframe width=""267"" height=""200"" src=""https://www.youtube.com/embed/w_Q6ah3Duh0?feature=oembed&enablejsapi=1"" frameborder=""0"" allow=""accelerometer; autoplay; clipboard-write; encrypted-media; gyroscope; picture-in-picture"" allowfullscreen title=""1919""></iframe>', 'author_name': 'Elkhorn - Topic', 'provider_name': 'YouTube', 'thumbnail_url': 'https://i.ytimg.com/vi/w_Q6ah3Duh0/hqdefault.jpg', 'thumbnail_height': 360, 'author_url': 'https://www.youtube.com/channel/UCft0_NEGQjcRHxdlF5p48dg'}}"
118,Synestia -- The Descent [Symphonic Deathcore](2022),SYNESTIA - The Descent (OFFICIAL MUSIC VIDEO),2022-12-28,0.71,8,"{'type': 'youtube.com', 'oembed': {'provider_url': 'https://www.youtube.com/', 'version': '1.0', 'title': 'SYNESTIA - The Descent (OFFICIAL MUSIC VIDEO)', 'type': 'video', 'thumbnail_width': 480, 'height': 200, 'width': 356, 'html': '<iframe width=""356"" height=""200"" src=""https://www.youtube.com/embed/aEVNGooI8xc?feature=oembed&enablejsapi=1"" frameborder=""0"" allow=""accelerometer; autoplay; clipboard-write; encrypted-media; gyroscope; picture-in-picture"" allowfullscreen title=""SYNESTIA - The Descent (OFFICIAL MUSIC VIDEO)""></iframe>', 'author_name': 'Synestia', 'provider_name': 'YouTube', 'thumbnail_url': 'https://i.ytimg.com/vi/aEVNGooI8xc/hqdefault.jpg', 'thumbnail_height': 360, 'author_url': 'https://www.youtube.com/@synestia7622'}}"
119,Mazhar & Fuat -- Seni Seviyorum Canim [Anatolian Rock] (1973),Mazhar & Fuat - Seviyorum Seni Canım (1973),2022-12-27,0.9,239,"{'type': 'youtube.com', 'oembed': {'provider_url': 'https://www.youtube.com/', 'version': '1.0', 'title': 'Mazhar & Fuat - Seviyorum Seni Canım (1973)', 'type': 'video', 'thumbnail_width': 480, 'height': 200, 'width': 356, 'html': '<iframe width=""356"" height=""200"" src=""https://www.youtube.com/embed/XAQXEoa9ptY?feature=oembed&enablejsapi=1"" frameborder=""0"" allow=""accelerometer; autoplay; clipboard-write; encrypted-media; gyroscope; picture-in-picture"" allowfullscreen title=""Mazhar &amp; Fuat - Seviyorum Seni Canım (1973)""></iframe>', 'author_name': 'Anatolian Rock Revival Project', 'provider_name': 'YouTube', 'thumbnail_url': 'https://i.ytimg.com/vi/XAQXEoa9ptY/hqdefault.jpg', 'thumbnail_height': 360, 'author_url': 'https://www.youtube.com/@AnatolianRockRevivalProject'}}"
120,Draxxis - Misery [Heavy/Power Metal] (1989),DRAXXIS-Misery (US) 1989,2022-12-27,0.75,17,"{'type': 'youtube.com', 'oembed': {'provider_url': 'https://www.youtube.com/', 'version': '1.0', 'title': 'DRAXXIS-Misery (US) 1989', 'type': 'video', 'thumbnail_width': 480, 'height': 200, 'width': 267, 'html': '<iframe width=""267"" height=""200"" src=""https://www.youtube.com/embed/EVeBpvIverI?feature=oembed&enablejsapi=1"" frameborder=""0"" allow=""accelerometer; autoplay; clipboard-write; encrypted-media; gyroscope; picture-in-picture"" allowfullscreen title=""DRAXXIS-Misery (US) 1989""></iframe>', 'author_name': 'Kuhta44', 'provider_name': 'YouTube', 'thumbnail_url': 'https://i.ytimg.com/vi/EVeBpvIverI/hqdefault.jpg', 'thumbnail_height': 360, 'author_url': 'https://www.youtube.com/@Kuhta44'}}"
121,Barry Leitch - Harlequin (Main Theme) [Chiptune / Video Game Music] (1992),Amiga music: Harlequin (main theme),2022-12-28,0.74,5,"{'type': 'youtube.com', 'oembed': {'provider_url': 'https://www.youtube.com/', 'version': '1.0', 'title': 'Amiga music: Harlequin (main theme)', 'type': 'video', 'thumbnail_width': 480, 'height': 200, 'width': 356, 'html': '<iframe width=""356"" height=""200"" src=""https://www.youtube.com/embed/u_ejoGVeqzQ?feature=oembed&enablejsapi=1"" frameborder=""0"" allow=""accelerometer; autoplay; clipboard-write; encrypted-media; gyroscope; picture-in-picture"" allowfullscreen title=""Amiga music: Harlequin (main theme)""></iframe>', 'author_name': 'Kuokka77', 'provider_name': 'YouTube', 'thumbnail_url': 'https://i.ytimg.com/vi/u_ejoGVeqzQ/hqdefault.jpg', 'thumbnail_height': 360, 'author_url': 'https://www.youtube.com/@Kuokka77'}}"
122,Heaven - Got to Get Away [Progressive Brass Rock/Jazz-Rock] (1971),Heaven  - Got to Get Away,2022-12-27,0.75,8,"{'type': 'youtube.com', 'oembed': {'provider_url': 'https://www.youtube.com/', 'version': '1.0', 'title': 'Heaven  - Got to Get Away', 'type': 'video', 'thumbnail_width': 480, 'height': 200, 'width': 356, 'html': '<iframe width=""356"" height=""200"" src=""https://www.youtube.com/embed/4FBmeUgWqsU?feature=oembed&enablejsapi=1"" frameborder=""0"" allow=""accelerometer; autoplay; clipboard-write; encrypted-media; gyroscope; picture-in-picture"" allowfullscreen title=""Heaven  - Got to Get Away""></iframe>', 'author_name': 'Risjah', 'provider_name': 'YouTube', 'thumbnail_url': 'https://i.ytimg.com/vi/4FBmeUgWqsU/hqdefault.jpg', 'thumbnail_height': 360, 'author_url': 'https://www.youtube.com/@risjah8523'}}"
123,The Incredible Moses Leroy - Fuzzy [Pop] (2001),"The Incredible Moses Leroy - ""Fuzzy"" Music Video",2022-12-27,0.75,6,"{'type': 'youtube.com', 'oembed': {'provider_url': 'https://www.youtube.com/', 'version': '1.0', 'title': 'The Incredible Moses Leroy - ""Fuzzy"" Music Video', 'type': 'video', 'thumbnail_width': 480, 'height': 200, 'width': 356, 'html': '<iframe width=""356"" height=""200"" src=""https://www.youtube.com/embed/Oi6NlsBQem0?feature=oembed&enablejsapi=1"" frameborder=""0"" allow=""accelerometer; autoplay; clipboard-write; encrypted-media; gyroscope; picture-in-picture"" allowfullscreen title=""The Incredible Moses Leroy - &quot;Fuzzy&quot; Music Video""></iframe>', 'author_name': 'MASSIVEORIGINAL', 'provider_name': 'YouTube', 'thumbnail_url': 'https://i.ytimg.com/vi/Oi6NlsBQem0/hqdefault.jpg', 'thumbnail_height': 360, 'author_url': 'https://www.youtube.com/@massiveoriginal1751'}}"
124,Chioh Siou - 大人小孩 [Chill Indie Pop] (2019),大人小孩,2022-12-27,0.83,4,"{'type': 'youtube.com', 'oembed': {'provider_url': 'https://www.youtube.com/', 'version': '1.0', 'title': '大人小孩', 'type': 'video', 'thumbnail_width': 480, 'height': 200, 'width': 267, 'html': '<iframe width=""267"" height=""200"" src=""https://www.youtube.com/embed/K65MXoZiC_I?feature=oembed&enablejsapi=1"" frameborder=""0"" allow=""accelerometer; autoplay; clipboard-write; encrypted-media; gyroscope; picture-in-picture"" allowfullscreen title=""大人小孩""></iframe>', 'author_name': 'Various Artists - Topic', 'provider_name': 'YouTube', 'thumbnail_url': 'https://i.ytimg.com/vi/K65MXoZiC_I/hqdefault.jpg', 'thumbnail_height': 360, 'author_url': 'https://www.youtube.com/channel/UCi3ls3_vjzNpk4FltIsyjZw'}}"
125,JB Bass - Hard Bass Injection [Hard Bass] (2003),Hard Bass Injection,2022-12-27,1.0,2,"{'type': 'youtube.com', 'oembed': {'provider_url': 'https://www.youtube.com/', 'version': '1.0', 'title': 'Hard Bass Injection', 'type': 'video', 'thumbnail_width': 480, 'height': 200, 'width': 267, 'html': '<iframe width=""267"" height=""200"" src=""https://www.youtube.com/embed/gd9mnobsaoQ?feature=oembed&enablejsapi=1"" frameborder=""0"" allow=""accelerometer; autoplay; clipboard-write; encrypted-media; gyroscope; picture-in-picture"" allowfullscreen title=""Hard Bass Injection""></iframe>', 'author_name': 'JB Bass & NXP - Topic', 'provider_name': 'YouTube', 'thumbnail_url': 'https://i.ytimg.com/vi/gd9mnobsaoQ/hqdefault.jpg', 'thumbnail_height': 360, 'author_url': 'https://www.youtube.com/channel/UCoSI7lr_cvkvoiDE8izrelw'}}"
126,SOCALLOUS — Headed To The Top [HipHop] (2022),Headed To The Top,2022-12-27,0.71,3,"{'type': 'youtube.com', 'oembed': {'provider_url': 'https://www.youtube.com/', 'version': '1.0', 'title': 'Headed To The Top', 'type': 'video', 'thumbnail_width': 480, 'height': 200, 'width': 267, 'html': '<iframe width=""267"" height=""200"" src=""https://www.youtube.com/embed/smq6FCFFHh0?feature=oembed&enablejsapi=1"" frameborder=""0"" allow=""accelerometer; autoplay; clipboard-write; encrypted-media; gyroscope; picture-in-picture"" allowfullscreen title=""Headed To The Top""></iframe>', 'author_name': 'SOCALLOUS - Topic', 'provider_name': 'YouTube', 'thumbnail_url': 'https://i.ytimg.com/vi/smq6FCFFHh0/hqdefault.jpg', 'thumbnail_height': 360, 'author_url': 'https://www.youtube.com/channel/UCMHF5uHGlUJPtYS0CA2snrw'}}"
127,NervePitch -- Stitches [Nü Metal] (2003),NervePitch   Stitches,2022-12-28,0.4,0,"{'type': 'youtube.com', 'oembed': {'provider_url': 'https://www.youtube.com/', 'version': '1.0', 'title': 'NervePitch   Stitches', 'type': 'video', 'thumbnail_width': 480, 'height': 200, 'width': 356, 'html': '<iframe width=""356"" height=""200"" src=""https://www.youtube.com/embed/jrKuP4yxpk8?feature=oembed&enablejsapi=1"" frameborder=""0"" allow=""accelerometer; autoplay; clipboard-write; encrypted-media; gyroscope; picture-in-picture"" allowfullscreen title=""NervePitch   Stitches""></iframe>', 'author_name': 'Nu Metal Underground', 'provider_name': 'YouTube', 'thumbnail_url': 'https://i.ytimg.com/vi/jrKuP4yxpk8/hqdefault.jpg', 'thumbnail_height': 360, 'author_url': 'https://www.youtube.com/@numetalunderground1839'}}"
128,Mind Mother - The Message [Psych/Prog Rock] (2022),Mind Mother - The Message - Live on WPTS Radio,2022-12-27,0.78,5,"{'type': 'youtube.com', 'oembed': {'provider_url': 'https://www.youtube.com/', 'version': '1.0', 'title': 'Mind Mother - The Message - Live on WPTS Radio', 'type': 'video', 'thumbnail_width': 480, 'height': 200, 'width': 356, 'html': '<iframe width=""356"" height=""200"" src=""https://www.youtube.com/embed/bwCQNkWwBCc?feature=oembed&enablejsapi=1"" frameborder=""0"" allow=""accelerometer; autoplay; clipboard-write; encrypted-media; gyroscope; picture-in-picture"" allowfullscreen title=""Mind Mother - The Message - Live on WPTS Radio""></iframe>', 'author_name': 'WPTS Radio', 'provider_name': 'YouTube', 'thumbnail_url': 'https://i.ytimg.com/vi/bwCQNkWwBCc/hqdefault.jpg', 'thumbnail_height': 360, 'author_url': 'https://www.youtube.com/@WPTSRadio'}}"
129,Draxxis - Breakwater [Heavy/Power Metal] (1993),Break Water (Updated),2022-12-28,0.6,1,"{'type': 'youtube.com', 'oembed': {'provider_url': 'https://www.youtube.com/', 'version': '1.0', 'title': 'Break Water (Updated)', 'type': 'video', 'thumbnail_width': 480, 'height': 200, 'width': 356, 'html': '<iframe width=""356"" height=""200"" src=""https://www.youtube.com/embed/HCxiaqDbFF8?feature=oembed&enablejsapi=1"" frameborder=""0"" allow=""accelerometer; autoplay; clipboard-write; encrypted-media; gyroscope; picture-in-picture"" allowfullscreen title=""Break Water (Updated)""></iframe>', 'author_name': 'Nightmare Guitar', 'provider_name': 'YouTube', 'thumbnail_url': 'https://i.ytimg.com/vi/HCxiaqDbFF8/hqdefault.jpg', 'thumbnail_height': 360, 'author_url': 'https://www.youtube.com/@bringerofdeath2033'}}"
130,We Left As Lions -- Heavy Medicine [rock / metal] (2022),We Left As Lions - “Heavy Medicine”,2022-12-27,0.64,3,"{'type': 'youtube.com', 'oembed': {'provider_url': 'https://www.youtube.com/', 'version': '1.0', 'title': 'We Left As Lions - “Heavy Medicine”', 'type': 'video', 'thumbnail_width': 480, 'height': 200, 'width': 356, 'html': '<iframe width=""356"" height=""200"" src=""https://www.youtube.com/embed/dJpG6FfQaRw?feature=oembed&enablejsapi=1"" frameborder=""0"" allow=""accelerometer; autoplay; clipboard-write; encrypted-media; gyroscope; picture-in-picture"" allowfullscreen title=""We Left As Lions - “Heavy Medicine”""></iframe>', 'author_name': 'We Left As Lions', 'provider_name': 'YouTube', 'thumbnail_url': 'https://i.ytimg.com/vi/dJpG6FfQaRw/hqdefault.jpg', 'thumbnail_height': 360, 'author_url': 'https://www.youtube.com/@weleftaslions6575'}}"
131,Rufflefeather - This Waking Dream (Album) [psych rock] (2020),Rufflefeather - This Waking Dream (full Album 2020),2022-12-27,0.67,5,"{'type': 'youtube.com', 'oembed': {'provider_url': 'https://www.youtube.com/', 'version': '1.0', 'title': 'Rufflefeather - This Waking Dream (full Album 2020)', 'type': 'video', 'thumbnail_width': 480, 'height': 200, 'width': 356, 'html': '<iframe width=""356"" height=""200"" src=""https://www.youtube.com/embed/ELQ0R0eFl78?feature=oembed&enablejsapi=1"" frameborder=""0"" allow=""accelerometer; autoplay; clipboard-write; encrypted-media; gyroscope; picture-in-picture"" allowfullscreen title=""Rufflefeather - This Waking Dream (full Album 2020)""></iframe>', 'author_name': 'Rock Freaks [official]', 'provider_name': 'YouTube', 'thumbnail_url': 'https://i.ytimg.com/vi/ELQ0R0eFl78/hqdefault.jpg', 'thumbnail_height': 360, 'author_url': 'https://www.youtube.com/@Rockfreaks'}}"
132,Errvirs Rangorass -- Bittersweet Redemption [melancholic rock] (2022),Bittersweet Redemption WiP,2022-12-27,0.76,2,"{'type': 'youtube.com', 'oembed': {'provider_url': 'https://www.youtube.com/', 'version': '1.0', 'title': 'Bittersweet Redemption WiP', 'type': 'video', 'thumbnail_width': 480, 'height': 200, 'width': 356, 'html': '<iframe width=""356"" height=""200"" src=""https://www.youtube.com/embed/SIJoWNvhPGA?start=9&feature=oembed&enablejsapi=1"" frameborder=""0"" allow=""accelerometer; autoplay; clipboard-write; encrypted-media; gyroscope; picture-in-picture"" allowfullscreen title=""Bittersweet Redemption WiP""></iframe>', 'author_name': 'Errvirs Rangorass', 'provider_name': 'YouTube', 'thumbnail_url': 'https://i.ytimg.com/vi/SIJoWNvhPGA/hqdefault.jpg', 'thumbnail_height': 360, 'author_url': 'https://www.youtube.com/@errvirsrangorass'}}"
133,Gaerea - Salve [Black Metal] (2022),GAEREA - 'Salve' (official music video) 2022,2022-12-26,0.91,343,"{'type': 'youtube.com', 'oembed': {'provider_url': 'https://www.youtube.com/', 'version': '1.0', 'title': ""GAEREA - 'Salve' (official music video) 2022"", 'type': 'video', 'thumbnail_width': 480, 'height': 200, 'width': 356, 'html': '<iframe width=""356"" height=""200"" src=""https://www.youtube.com/embed/kIAoJxmRFQc?feature=oembed&enablejsapi=1"" frameborder=""0"" allow=""accelerometer; autoplay; clipboard-write; encrypted-media; gyroscope; picture-in-picture"" allowfullscreen title=""GAEREA - &#39;Salve&#39; (official music video) 2022""></iframe>', 'author_name': 'Season of Mist', 'provider_name': 'YouTube', 'thumbnail_url': 'https://i.ytimg.com/vi/kIAoJxmRFQc/hqdefault.jpg', 'thumbnail_height': 360, 'author_url': 'https://www.youtube.com/@seasonofmist'}}"
134,Maytal Michaeli -- Eyes for Eyes [Psychedelic / Pop] (2020),Eyes for Eyes,2022-12-27,0.67,4,"{'type': 'youtube.com', 'oembed': {'provider_url': 'https://www.youtube.com/', 'version': '1.0', 'title': 'Eyes for Eyes', 'type': 'video', 'thumbnail_width': 480, 'height': 200, 'width': 267, 'html': '<iframe width=""267"" height=""200"" src=""https://www.youtube.com/embed/A5oYpNCiuE0?feature=oembed&enablejsapi=1"" frameborder=""0"" allow=""accelerometer; autoplay; clipboard-write; encrypted-media; gyroscope; picture-in-picture"" allowfullscreen title=""Eyes for Eyes""></iframe>', 'author_name': 'מיטל מיכאלי - Topic', 'provider_name': 'YouTube', 'thumbnail_url': 'https://i.ytimg.com/vi/A5oYpNCiuE0/hqdefault.jpg', 'thumbnail_height': 360, 'author_url': 'https://www.youtube.com/channel/UCBnaOY3l6G2J3M58_jyV2dA'}}"
135,Resolve - Move to Trash [Alternative/Indie Metal] (2022),RESOLVE - Move to Trash (OFFICIAL VIDEO),2022-12-26,0.74,46,"{'type': 'youtube.com', 'oembed': {'provider_url': 'https://www.youtube.com/', 'version': '1.0', 'title': 'RESOLVE - Move to Trash (OFFICIAL VIDEO)', 'type': 'video', 'thumbnail_width': 480, 'height': 200, 'width': 356, 'html': '<iframe width=""356"" height=""200"" src=""https://www.youtube.com/embed/fiddgOjka6Y?feature=oembed&enablejsapi=1"" frameborder=""0"" allow=""accelerometer; autoplay; clipboard-write; encrypted-media; gyroscope; picture-in-picture"" allowfullscreen title=""RESOLVE - Move to Trash (OFFICIAL VIDEO)""></iframe>', 'author_name': 'Arising Empire', 'provider_name': 'YouTube', 'thumbnail_url': 'https://i.ytimg.com/vi/fiddgOjka6Y/hqdefault.jpg', 'thumbnail_height': 360, 'author_url': 'https://www.youtube.com/@ArisingEmpire'}}"
136,Systèmes Dynamiques -- Orpheum [Experimental Rock] (2020),Orpheum,2022-12-27,0.9,8,"{'type': 'youtube.com', 'oembed': {'provider_url': 'https://www.youtube.com/', 'version': '1.0', 'title': 'Orpheum', 'type': 'video', 'thumbnail_width': 480, 'height': 200, 'width': 356, 'html': '<iframe width=""356"" height=""200"" src=""https://www.youtube.com/embed/XA29d_PVqD8?feature=oembed&enablejsapi=1"" frameborder=""0"" allow=""accelerometer; autoplay; clipboard-write; encrypted-media; gyroscope; picture-in-picture"" allowfullscreen title=""Orpheum""></iframe>', 'author_name': 'Systèmes Dynamiques', 'provider_name': 'YouTube', 'thumbnail_url': 'https://i.ytimg.com/vi/XA29d_PVqD8/hqdefault.jpg', 'thumbnail_height': 360, 'author_url': 'https://www.youtube.com/@systemesdynamiques2072'}}"
137,Mali Obomsawin -- Lineage [Jazz] (2022),Lineage,2022-12-26,0.93,12,"{'type': 'youtube.com', 'oembed': {'provider_url': 'https://www.youtube.com/', 'version': '1.0', 'title': 'Lineage', 'type': 'video', 'thumbnail_width': 480, 'height': 200, 'width': 267, 'html': '<iframe width=""267"" height=""200"" src=""https://www.youtube.com/embed/JB9RLObDnZ8?feature=oembed&enablejsapi=1"" frameborder=""0"" allow=""accelerometer; autoplay; clipboard-write; encrypted-media; gyroscope; picture-in-picture"" allowfullscreen title=""Lineage""></iframe>', 'author_name': 'Mali Obomsawin - Topic', 'provider_name': 'YouTube', 'thumbnail_url': 'https://i.ytimg.com/vi/JB9RLObDnZ8/hqdefault.jpg', 'thumbnail_height': 360, 'author_url': 'https://www.youtube.com/channel/UCD6ueQTU3jPurQLDFlKD7RQ'}}"
138,Kings Indian -- Sweet Company [Indie Rock] (2018),Sweet Company,2022-12-27,0.57,1,"{'type': 'open.spotify.com', 'oembed': {'provider_url': 'https://spotify.com', 'description': 'Listen to Sweet Company on Spotify. Kings Indian · Song · 2018.', 'title': 'Sweet Company', 'type': 'rich', 'thumbnail_width': 300, 'height': 152, 'width': 456, 'html': '<iframe class=""embedly-embed"" src=""https://cdn.embedly.com/widgets/media.html?src=https%3A%2F%2Fopen.spotify.com%2Fembed%2Ftrack%2F0uDe2CDcnojplXXfqJQF9X%3Futm_source%3Doembed&display_name=Spotify&url=https%3A%2F%2Fopen.spotify.com%2Ftrack%2F0uDe2CDcnojplXXfqJQF9X&image=https%3A%2F%2Fi.scdn.co%2Fimage%2Fab67616d00001e02e60d3e8ccfb11295428b9103&key=2aa3c4d5f3de4f5b9120b660ad850dc9&type=text%2Fhtml&schema=spotify"" width=""456"" height=""152"" scrolling=""no"" title=""Spotify embed"" frameborder=""0"" allow=""autoplay; fullscreen"" allowfullscreen=""true""></iframe>', 'version': '1.0', 'provider_name': 'Spotify', 'thumbnail_url': 'https://i.scdn.co/image/ab67616d00001e02e60d3e8ccfb11295428b9103', 'thumbnail_height': 300}}"
139,"Shovel Dance Collective -- I: Thames waters off Greenland Dock, The Weary Whaling Grounds [Alt Folk] (2022)","I: Thames waters off Greenland Dock, The Weary Whaling Grounds,",2022-12-26,0.88,11,"{'type': 'youtube.com', 'oembed': {'provider_url': 'https://www.youtube.com/', 'version': '1.0', 'title': 'I: Thames waters off Greenland Dock, The Weary Whaling Grounds,', 'type': 'video', 'thumbnail_width': 480, 'height': 200, 'width': 267, 'html': '<iframe width=""267"" height=""200"" src=""https://www.youtube.com/embed/Liry3p5u2kw?feature=oembed&enablejsapi=1"" frameborder=""0"" allow=""accelerometer; autoplay; clipboard-write; encrypted-media; gyroscope; picture-in-picture"" allowfullscreen title=""I: Thames waters off Greenland Dock, The Weary Whaling Grounds,""></iframe>', 'author_name': 'Shovel Dance Collective - Topic', 'provider_name': 'YouTube', 'thumbnail_url': 'https://i.ytimg.com/vi/Liry3p5u2kw/hqdefault.jpg', 'thumbnail_height': 360, 'author_url': 'https://www.youtube.com/channel/UCYEFVO8ZHpyfiHdquPPaeqg'}}"
140,Great Cold Emptiness -- The Patron Saint of Whalewatching [Blackgaze] (2022),Great Cold Emptiness - The Patron Saint of Whalewatching (Official Lyric Video),2022-12-26,0.78,9,"{'type': 'youtube.com', 'oembed': {'provider_url': 'https://www.youtube.com/', 'version': '1.0', 'title': 'Great Cold Emptiness - The Patron Saint of Whalewatching (Official Lyric Video)', 'type': 'video', 'thumbnail_width': 480, 'height': 200, 'width': 356, 'html': '<iframe width=""356"" height=""200"" src=""https://www.youtube.com/embed/fGbfST1Eze4?feature=oembed&enablejsapi=1"" frameborder=""0"" allow=""accelerometer; autoplay; clipboard-write; encrypted-media; gyroscope; picture-in-picture"" allowfullscreen title=""Great Cold Emptiness - The Patron Saint of Whalewatching (Official Lyric Video)""></iframe>', 'author_name': 'Great Cold Emptiness', 'provider_name': 'YouTube', 'thumbnail_url': 'https://i.ytimg.com/vi/fGbfST1Eze4/hqdefault.jpg', 'thumbnail_height': 360, 'author_url': 'https://www.youtube.com/@greatcoldemptiness'}}"
141,Fortune Teller - Golden Palace [Stoner Rock/Doom Metal] (2021),Golden Palace - Fortune Teller (Official Artwork Video),2022-12-26,1.0,3,"{'type': 'youtube.com', 'oembed': {'provider_url': 'https://www.youtube.com/', 'version': '1.0', 'title': 'Golden Palace - Fortune Teller (Official Artwork Video)', 'type': 'video', 'thumbnail_width': 480, 'height': 200, 'width': 356, 'html': '<iframe width=""356"" height=""200"" src=""https://www.youtube.com/embed/vfsUNnPIZmc?feature=oembed&enablejsapi=1"" frameborder=""0"" allow=""accelerometer; autoplay; clipboard-write; encrypted-media; gyroscope; picture-in-picture"" allowfullscreen title=""Golden Palace - Fortune Teller (Official Artwork Video)""></iframe>', 'author_name': 'Steel City Death Club', 'provider_name': 'YouTube', 'thumbnail_url': 'https://i.ytimg.com/vi/vfsUNnPIZmc/hqdefault.jpg', 'thumbnail_height': 360, 'author_url': 'https://www.youtube.com/@SteelCityDeathClub'}}"
142,Brad Buckwell - - Fire on the Blacktop [Southern Rock] (2022),Fire on the Blacktop,2022-12-26,0.72,3,"{'type': 'youtube.com', 'oembed': {'provider_url': 'https://www.youtube.com/', 'version': '1.0', 'title': 'Fire on the Blacktop', 'type': 'video', 'thumbnail_width': 480, 'height': 200, 'width': 267, 'html': '<iframe width=""267"" height=""200"" src=""https://www.youtube.com/embed/hFCPMY7MMuk?list=OLAK5uy_mNY-6CENe_A7dpiBhwoMS6X4oR9qE2mN4"" frameborder=""0"" allow=""accelerometer; autoplay; clipboard-write; encrypted-media; gyroscope; picture-in-picture"" allowfullscreen></iframe>', 'author_name': 'Brad Buckwell - Topic', 'provider_name': 'YouTube', 'thumbnail_url': 'https://i.ytimg.com/vi/hFCPMY7MMuk/hqdefault.jpg', 'thumbnail_height': 360, 'author_url': 'https://www.youtube.com/channel/UC8c5fRzUcxVHz53GCWU0NjA'}}"
143,Esthero - Superheroes [Trip-Hop] (1998),Superheroes,2022-12-25,0.94,263,"{'type': 'youtube.com', 'oembed': {'provider_url': 'https://www.youtube.com/', 'version': '1.0', 'title': 'Superheroes', 'type': 'video', 'thumbnail_width': 480, 'height': 200, 'width': 267, 'html': '<iframe width=""267"" height=""200"" src=""https://www.youtube.com/embed/IZ9KUs0QRmw?feature=oembed&enablejsapi=1"" frameborder=""0"" allow=""accelerometer; autoplay; clipboard-write; encrypted-media; gyroscope; picture-in-picture"" allowfullscreen title=""Superheroes""></iframe>', 'author_name': 'Esthero - Topic', 'provider_name': 'YouTube', 'thumbnail_url': 'https://i.ytimg.com/vi/IZ9KUs0QRmw/hqdefault.jpg', 'thumbnail_height': 360, 'author_url': 'https://www.youtube.com/channel/UCZiAfztUKviJDh29f3-4_ng'}}"
144,Hexsystem -- Official Business [Traditional / Acoustic] (2022),Official Business,2022-12-26,0.75,4,"{'type': 'youtube.com', 'oembed': {'provider_url': 'https://www.youtube.com/', 'version': '1.0', 'title': 'Official Business', 'type': 'video', 'thumbnail_width': 480, 'height': 200, 'width': 267, 'html': '<iframe width=""267"" height=""200"" src=""https://www.youtube.com/embed/U8sr2jaRgl8?feature=oembed&enablejsapi=1"" frameborder=""0"" allow=""accelerometer; autoplay; clipboard-write; encrypted-media; gyroscope; picture-in-picture"" allowfullscreen title=""Official Business""></iframe>', 'author_name': 'HEXSYSTEM - Topic', 'provider_name': 'YouTube', 'thumbnail_url': 'https://i.ytimg.com/vi/U8sr2jaRgl8/hqdefault.jpg', 'thumbnail_height': 360, 'author_url': 'https://www.youtube.com/channel/UC2cYCCcTN-K64nOTDQvM-Ig'}}"
145,Snake Pool - Figure in the Background [Indie Rock] (2022),FIGURE IN THE BACKGROUND,2022-12-26,0.92,10,"{'type': 'youtube.com', 'oembed': {'provider_url': 'https://www.youtube.com/', 'version': '1.0', 'title': 'FIGURE IN THE BACKGROUND', 'type': 'video', 'thumbnail_width': 480, 'height': 200, 'width': 267, 'html': '<iframe width=""267"" height=""200"" src=""https://www.youtube.com/embed/O4MDFO9YrM0?feature=oembed&enablejsapi=1"" frameborder=""0"" allow=""accelerometer; autoplay; clipboard-write; encrypted-media; gyroscope; picture-in-picture"" allowfullscreen title=""FIGURE IN THE BACKGROUND""></iframe>', 'author_name': 'SNAKE POOL - Topic', 'provider_name': 'YouTube', 'thumbnail_url': 'https://i.ytimg.com/vi/O4MDFO9YrM0/hqdefault.jpg', 'thumbnail_height': 360, 'author_url': 'https://www.youtube.com/channel/UCUfBLIZCm9hAtQrs3OzlBVg'}}"
146,Neon Waltz -- Perfect Frame [indie rock] (2017),Neon Waltz - Perfect Frame,2022-12-26,0.72,11,"{'type': 'youtube.com', 'oembed': {'provider_url': 'https://www.youtube.com/', 'version': '1.0', 'title': 'Neon Waltz - Perfect Frame', 'type': 'video', 'thumbnail_width': 480, 'height': 200, 'width': 356, 'html': '<iframe width=""356"" height=""200"" src=""https://www.youtube.com/embed/CDb2Rb-ujgA?feature=oembed&enablejsapi=1"" frameborder=""0"" allow=""accelerometer; autoplay; clipboard-write; encrypted-media; gyroscope; picture-in-picture"" allowfullscreen title=""Neon Waltz - Perfect Frame""></iframe>', 'author_name': 'NeonWaltzVEVO', 'provider_name': 'YouTube', 'thumbnail_url': 'https://i.ytimg.com/vi/CDb2Rb-ujgA/hqdefault.jpg', 'thumbnail_height': 360, 'author_url': 'https://www.youtube.com/@NeonWaltzVEVO'}}"
147,DJ Kubrik - Shiny (Original Mix) [Hardtrance] (2002),DJ Kubrik - Shiny (Original Mix),2022-12-26,0.71,4,"{'type': 'youtube.com', 'oembed': {'provider_url': 'https://www.youtube.com/', 'version': '1.0', 'title': 'DJ Kubrik - Shiny (Original Mix)', 'type': 'video', 'thumbnail_width': 480, 'height': 200, 'width': 356, 'html': '<iframe width=""356"" height=""200"" src=""https://www.youtube.com/embed/2mscZQfkxfI?feature=oembed&enablejsapi=1"" frameborder=""0"" allow=""accelerometer; autoplay; clipboard-write; encrypted-media; gyroscope; picture-in-picture"" allowfullscreen title=""DJ Kubrik - Shiny (Original Mix)""></iframe>', 'author_name': 'Rare Trance Songs', 'provider_name': 'YouTube', 'thumbnail_url': 'https://i.ytimg.com/vi/2mscZQfkxfI/hqdefault.jpg', 'thumbnail_height': 360, 'author_url': 'https://www.youtube.com/@krokots'}}"
148,Kahvad Jure - Parade of Fools [Progressive Rock] (2005),"Parade Of Fools (Live at The Basement, 2005)",2022-12-26,0.71,4,"{'type': 'youtube.com', 'oembed': {'provider_url': 'https://www.youtube.com/', 'version': '1.0', 'title': 'Parade Of Fools (Live at The Basement, 2005)', 'type': 'video', 'thumbnail_width': 480, 'height': 200, 'width': 267, 'html': '<iframe width=""267"" height=""200"" src=""https://www.youtube.com/embed/pTsYNwd-1-I?feature=oembed&enablejsapi=1"" frameborder=""0"" allow=""accelerometer; autoplay; clipboard-write; encrypted-media; gyroscope; picture-in-picture"" allowfullscreen title=""Parade Of Fools (Live at The Basement, 2005)""></iframe>', 'author_name': 'Kahvas Jute - Topic', 'provider_name': 'YouTube', 'thumbnail_url': 'https://i.ytimg.com/vi/pTsYNwd-1-I/hqdefault.jpg', 'thumbnail_height': 360, 'author_url': 'https://www.youtube.com/channel/UC9YzbzTfxOAINU92cqUnjwQ'}}"
149,Àslaug - In My Head [Indie Pop] (2020),Áslaug - In My Head (Official Video),2022-12-26,0.7,4,"{'type': 'youtube.com', 'oembed': {'provider_url': 'https://www.youtube.com/', 'version': '1.0', 'title': 'Áslaug - In My Head (Official Video)', 'type': 'video', 'thumbnail_width': 480, 'height': 200, 'width': 356, 'html': '<iframe width=""356"" height=""200"" src=""https://www.youtube.com/embed/hNEA9QyiCIE?feature=oembed&enablejsapi=1"" frameborder=""0"" allow=""accelerometer; autoplay; clipboard-write; encrypted-media; gyroscope; picture-in-picture"" allowfullscreen title=""Áslaug - In My Head (Official Video)""></iframe>', 'author_name': 'Áslaug Music', 'provider_name': 'YouTube', 'thumbnail_url': 'https://i.ytimg.com/vi/hNEA9QyiCIE/hqdefault.jpg', 'thumbnail_height': 360, 'author_url': 'https://www.youtube.com/@AslaugMusic'}}"
